01_EFForTS-ABM/tests_integration/02_integrationtest/integrationtest01/output/deg_sum_c_integrationtest01.asc
ncols        100
nrows        100
xllcorner    212461.033820999990
yllcorner    9753254.946558000520
cellsize     50.000000000000
NODATA_value  -3.4028234663852885981e+38
[rows 57 to 75 of 100, columns 43 to 85 of 100]
0 0 0 0.1845073997974395752 0 0.17928050458431243896 0 0 0.16780678927898406982 0.16359449923038482666 0.15940573811531066895 0.15517209470272064209 0.15066267549991607666 0.14572003483772277832 0.1402260512113571167 0 0 0 0 0 0.098663188517093658447 0.090666808187961578369 0.082815483212471008301 0.075143270194530487061 0.06771554797887802124 0.060760851949453353882 0.054254755377769470215 0.048127695918083190918 0.042227733880281448364 0.036520924419164657593 0.030981635674834251404 0.025681640952825546265 0.020794253796339035034 0.016402039676904678345 0.012538868933916091919 0.0091982772573828697205 0.00628213491290807724 0.0039006376173347234726 0.0020538326352834701538 0.00090140843531116843224 0.00027706072432920336723 2.556208892201539129e-05 4.4850598897028248757e-06
0 0 0 0.17618660628795623779 0.17395105957984924316 0.17124183475971221924 0 0.16453802585601806641 0.16075567901134490967 0.15692308545112609863 0.15308618545532226562 0.14910651743412017822 0 0 0 0.12972351908683776855 0.12377069145441055298 0.11736453324556350708 0 0 0.095775917172431945801 0.088249184191226959229 0.080800585448741912842 0.073498584330081939697 0.066384673118591308594 0.059661984443664550781 0.053282953798770904541 0.047259289771318435669 0.041500940918922424316 0.035932838916778564453 0.030519891530275344849 0.025360133498907089233 0.020583100616931915283 0.016247546300292015076 0.012484019622206687927 0.0092420084401965141296 0.0063211866654455661774 0.0039826133288443088531 0.0021747304126620292664 0.00099029007833451032639 0.00033131768577732145786 5.5905969929881393909e-05 0
0 0.16985256969928741455 0.16893510520458221436 0.16739679872989654541 0.16536712646484375 0.16293679177761077881 0.1600859910249710083 0.15681077539920806885 0.15333738923072814941 0.14982619881629943848 0.14624799787998199463 0.14251260459423065186 0.13870759308338165283 0 0 0.12463440001010894775 0.11905736476182937622 0.11291581392288208008 0 0 0 0.085289582610130310059 0.078233607113361358643 0.07132921367883682251 0.064553655683994293213 0.058053363114595413208 0.051834821701049804688 0.046009574085474014282 0.040463939309120178223 0.035040963441133499146 0.029753517359495162964 0.024761827662587165833 0.020128251984715461731 0.015906311571598052979 0.012269251979887485504 0.0091157825663685798645 0.0062562376260757446289 0.0039898105897009372711 0.0022435844875872135162 0.0010516671463847160339 0.00037973781581968069077 8.0467696534469723701e-05 0
0 0.16084240376949310303 0.15982460975646972656 0.1583601534366607666 0.15655224025249481201 0 0 0.14883191883563995361 0.14560677111148834229 0.14228390157222747803 0.13888336718082427979 0.13542762398719787598 0.13189476728439331055 0 0 0 0 0 0 0.094874568283557891846 0.088302567601203918457 0.081805452704429626465 0.075204633176326751709 0.068680427968502044678 0.06223409995436668396 0.055958088487386703491 0.050018176436424255371 0.044462610036134719849 0.039106793701648712158 0.03383507952094078064 0.028698403388261795044 0.023910330608487129211 0.019431812688708305359 0.015401020646095275879 0.011909281834959983826 0.0088627682998776435852 0.0061046858318150043488 0.0039199152961373329163 0.0022404824849218130112 0.0010702100116759538651 0.00040711869951337575912 9.9061522632837295532e-05 0
0.15257747471332550049 0.15180732309818267822 0.15067932009696960449 0.14929080009460449219 0.14769451320171356201 0 0 0.14063335955142974854 0.13752058148384094238 0.13432320952415466309 0.13109704852104187012 0.12792566418647766113 0.12466818839311599731 0.12109112739562988281 0.11709447950124740601 0 0 0 0 0.08995743095874786377 0.083912640810012817383 0.0779112204909324646 0.071759767830371856689 0.065575607120990753174 0.059451840817928314209 0.053513202816247940063 0.047894664108753204346 0.04260374605655670166 0.037419192492961883545 0.032319713383913040161 0.027403900399804115295 0.022820536047220230103 0.018564026802778244019 0.014758549630641937256 0.011393850669264793396 0.0084923142567276954651 0.0058882478624582290649 0.0037831116933375597 0.0021801758557558059692 0.0010605433490127325058 0.00041322782635688781738 0.00011154157982673496008 0
0 0.14301711320877075195 0.14173769950866699219 0.14039427042007446289 0.13898156583309173584 0.13724695146083831787 0.13509210944175720215 0 0.12941719591617584229 0.12633885443210601807 0.12329750508069992065 0.12031140178442001343 0 0 0 0 0 0 0.090545319020748138428 0 0 0 0 0.062226343899965286255 0.056406907737255096436 0.050775688141584396362 0.045432221144437789917 0.040381498634815216064 0.035409539937973022461 0.03054780326783657074 0.025910869240760803223 0.021556859835982322693 0.017574628815054893494 0.013946246355772018433 0.010777304880321025848 0.008055988699197769165 0.0055952342227101325989 0.0035694693215191364288 0.002070194808766245842 0.001029846840538084507 0.0004128122236579656601 0.00011780726345023140311 0
0 0.13473136723041534424 0.13334019482135772705 0.13200363516807556152 0.13059785962104797363 0.1290197223424911499 0.12706840038299560547 0.12454895675182342529 0.12169758975505828857 0.11876824498176574707 0.11581865698099136353 0.11291839182376861572 0.1099443584680557251 0.10671730339527130127 0.10301357507705688477 0.098936408758163452148 0 0 0.084994889795780181885 0 0 0 0 0.058824542909860610962 0.053304448723793029785 0.047889020293951034546 0.042766451835632324219 0.037899326533079147339 0.033159457147121429443 0.028571328148245811462 0.024243518710136413574 0.020182514563202857971 0.016426898539066314697 0.013029815629124641418 0.010088925249874591827 0.0075546405278146266937 0.0052253114990890026093 0.0032906653359532356262 0.0019214067142456769943 0.00098098558373749256134 0.00041302319732494652271 0.0001178072707261890173 0
0.12822298705577850342 0.12701557576656341553 0.12565851211547851562 0.12425934523344039917 0.1228254660964012146 0.12126363813877105713 0.11945398896932601929 0.11714290082454681396 0.11448283493518829346 0.1116994023323059082 0.10882736742496490479 0.10597027093172073364 0.10301254689693450928 0.09974921494722366333 0.096114039421081542969 0.092262580990791320801 0.08816884458065032959 0 0.079298146069049835205 0 0 0 0.060433853417634963989 0.055264603346586227417 0.050085972994565963745 0.044957611709833145142 0.040056116878986358643 0.035376325249671936035 0.030833574011921882629 0.026523800566792488098 0.022493757307529449463 0.018682893365621566772 0.015161147341132164001 0.012036183848977088928 0.0093595506623387336731 0.0069756018929183483124 0.0047731567174196243286 0.0029719131998717784882 0.0017580139683559536934 0.00090959103545174002647 0.00040171545697376132011 0.00011154157982673496008 0
0.12137059867382049561 0.12003280967473983765 0.11860939860343933105 0.1172034144401550293 0.11578207463026046753 0.11424949020147323608 0.11241820454597473145 0.11024794727563858032 0.10777106881141662598 0.10513170063495635986 0.10236346721649169922 0.099503025412559509277 0.096420250833034515381 0.093088619410991668701 0.089477322995662689209 0.085750430822372436523 0.081857293844223022461 0.077771641314029693604 0.073523931205272674561 0.069298706948757171631 0.065102837979793548584 0.060763355344533920288 0.056184064596891403198 0.051507160067558288574 0.046694789081811904907 0.041915807873010635376 0.037341970950365066528 0.032908879220485687256 0.028622968122363090515 0.024572199210524559021 0.020726718008518218994 0.017129618674516677856 0.013846573419868946075 0.011017318814992904663 0.0085758371278643608093 0.0063060498796403408051 0.0042550661601126194 0.0026355416048318147659 0.0015863341977819800377 0.00083216180792078375816 0.00037450256058946251869 9.9061522632837295532e-05 0
0.1152649223804473877 0.11380975693464279175 0.11231873929500579834 0.11091899126768112183 0.10955345630645751953 0.10806863754987716675 0.1062813103199005127 0.10420331358909606934 0.1018448173999786377 0.099254466593265533447 0.096436269581317901611 0.093400493264198303223 0.090174138545989990234 0.086759693920612335205 0.08319699019193649292 0.079599134624004364014 0.075855873525142669678 0.071934625506401062012 0.067905463278293609619 0.063951283693313598633 0.060102526098489761353 0.056157249957323074341 0.051958639174699783325 0.047639984637498855591 0.043211363255977630615 0.038887020200490951538 0.034708481281995773315 0.030562160536646842957 0.0265254192054271698 0.02269170805811882019 0.019053913652896881104 0.01565222814679145813 0.012581619434058666229 0.0099912863224744796753 0.0076993652619421482086 0.0055650868453085422516 0.0036961643490940332413 0.0023078974336385726929 0.0014201859012246131897 0.00075912283500656485558 0.00033161588362418115139 8.0467696534469723701e-05 0
0.11025217920541763306 0.10872250795364379883 0.10725208371877670288 0.10583276301622390747 0.10442906618118286133 0.10284242779016494751 0.10112588107585906982 0.099172569811344146729 0.096857823431491851807 0.094210110604763031006 0.091240338981151580811 0.088110849261283874512 0.084776751697063446045 0.081249758601188659668 0.077668786048889160156 0.074058458209037780762 0.070298016071319580078 0.066413886845111846924 0.0625535622239112854 0.058888696134090423584 0.055391751229763031006 0.051701441407203674316 0.047831445932388305664 0.043843876570463180542 0.039941370487213134766 0.036101140081882476807 0.032261859625577926636 0.028368551284074783325 0.024579115211963653564 0.020933795720338821411 0.01748501509428024292 0.01428615860641002655 0.011426368728280067444 0.0089680952951312065125 0.0067793601192533969879 0.0047942837700247764587 0.0031568857375532388687 0.0019987812265753746033 0.0012494086986407637596 0.00066540896659716963768 0.00027340985252521932125 5.5905969929881393909e-05 0
0.10635801404714584351 0.10475675016641616821 0.10323176532983779907 0.10173652321100234985 0.10023065656423568726 0.098630279302597045898 0.096878640353679656982 0.09487107396125793457 0.092502936720848083496 0.089862987399101257324 0.086927503347396850586 0.08374681323766708374 0.080222420394420623779 0.076475426554679870605 0.072719044983386993408 0.068909771740436553955 0.065080009400844573975 0.061217729002237319946 0.057527199387550354004 0.054207555949687957764 0.05101505666971206665 0.047648075968027114868 0.044121365994215011597 0.040496893227100372314 0.036936417222023010254 0.033458851277828216553 0.029958279803395271301 0.02642119675874710083 0.022856969386339187622 0.019363198429346084595 0.016050858423113822937 0.01301410328596830368 0.010319754481315612793 0.0079771568998694419861 0.0058819474652409553528 0.0040508024394512176514 0.002655050717294216156 0.0017397934570908546448 0.0010656993836164474487 0.00054732366697862744331 0.00020034809131175279617 2.556208892201539129e-05 0
0.10376766324043273926 0.10207161307334899902 0.10034166276454925537 0.098613016307353973389 0.096972174942493438721 0.095258951187133789062 0.093383722007274627686 0.0912607535719871521 0.088805332779884338379 0.086091056466102600098 0.083159230649471282959 0.079996958374977111816 0 0 0.06849314272403717041 0.064461477100849151611 0.06053039059042930603 0.056720420718193054199 0.05318365246057510376 0.05006574094295501709 0.047121524810791015625 0.044096659868955612183 0.040906667709350585938 0.037590574473142623901 0.03432151302695274353 0.031112898141145706177 0.027887787669897079468 0.024598516523838043213 0.021289212629199028015 0.017994981259107589722 0.01479172147810459137 0.011836133897304534912 0.0092583242803812026978 0.0070599871687591075897 0.0050645619630813598633 0.0033944807946681976318 0.0022346361074596643448 0.0015012945514172315598 0.00088189757661893963814 0.00042064313311129808426 0.00012781596160493791103 4.4850598897028248757e-06 0
0.10215392708778381348 0.10039227455854415894 0.098534904420375823975 0.096609070897102355957 0.0947607383131980896 0.092841506004333496094 0.090680815279483795166 0.088399909436702728271 0.085895650088787078857 0.083204858005046844482 0.080329313874244689941 0.077095970511436462402 0.073435999453067779541 0 0.065258741378784179688 0.061020474880933761597 0.056908562779426574707 0.053089417517185211182 0.049673572182655334473 0.046653997153043746948 0.043893694877624511719 0.041147883981466293335 0.038245972245931625366 0.03518339991569519043 0.032087363302707672119 0.029061652719974517822 0.026012293994426727295 0.022943014279007911682 0.019830504432320594788 0.016738511621952056885 0.013669059611856937408 0.010817447677254676819 0.0083304205909371376038 0.0062176072970032691956 0.0043644728139042854309 0.0029143798165023326874 0.001916901441290974617 0.0012427638284862041473 0.00068862177431583404541 0.00029351690318435430527 6.3521511037833988667e-05 0 0
0.10156676173210144043 0.099734976887702941895 0.09787584841251373291 0.09582865983247756958 0.09371039271354675293 0.091477327048778533936 0.089059427380561828613 0.086547635495662689209 0.083873167634010314941 0.081087186932563781738 0.078183263540267944336 0.074903964996337890625 0.071216918528079986572 0 0.062981516122817993164 0.058677680790424346924 0.054464027285575866699 0.050555478781461715698 0.047102488577365875244 0.044104669243097305298 0.041335549205541610718 0.038691461086273193359 0.035962585359811782837 0.03311392664909362793 0.030218150466680526733 0.027322802692651748657 0.024394895881414413452 0.021438114345073699951 0.018478753045201301575 0.015534101985394954681 0.012683480046689510345 0.010010256431996822357 0.0075693614780902862549 0.0055006784386932849884 0.0038253553211688995361 0.0025766356848180294037 0.0016748599009588360786 0.00099407148081809282303 0.00049747462617233395576 0.00017700006719678640366 1.8042890587821602821e-05 0 0
0.10213219374418258667 0.1004031449556350708 0.098443113267421722412 0.09623797982931137085 0.093823611736297607422 0.091289907693862915039 0.088700786232948303223 0.085872329771518707275 0.082828886806964874268 0.079746156930923461914 0.076640807092189788818 0.073284283280372619629 0.069593302905559539795 0.065542280673980712891 0.061269212514162063599 0.057011131197214126587 0.052843037992715835571 0.048952482640743255615 0.045443125069141387939 0.042263116687536239624 0.039368461817502975464 0.03667414933443069458 0.034023176878690719604 0.031360447406768798828 0.028606086969375610352 0.025794552639126777649 0.022980293259024620056 0.020119698718190193176 0.017255093902349472046 0.014459047466516494751 0.011845912784337997437 0.0093533415347337722778 0.0069991117343306541443 0.0050035435706377029419 0.0034646515268832445145 0.0023325684014707803726 0.0014675366692245006561 0.00077370443614199757576 0.0003181395877618342638 8.0210396845359355211e-05 0 0 0
0.10373999923467636108 0.10201789438724517822 0.099896579980850219727 0.097478233277797698975 0.094927132129669189453 0.092225201427936553955 0.089333079755306243896 0.086236469447612762451 0.082952484488487243652 0.079561255872249603271 0.076099619269371032715 0.072550654411315917969 0.068697795271873474121 0.064558431506156921387 0.060229986906051635742 0.055932559072971343994 0.051824517548084259033 0.047971270978450775146 0.044362526386976242065 0.040975477546453475952 0.037906695157289505005 0.03514358028769493103 0.032532062381505966187 0.029900092631578445435 0.027178131043910980225 0.024431362748146057129 0.021734317764639854431 0.018993439152836799622 0.016294719651341438293 0.013649424538016319275 0.0111556248739361763 0.008799965493381023407 0.0066270432434976100922 0.0047426018863916397095 0.0032417683396488428116 0.0021596017759293317795 0.0012714355252683162689 0.00059982715174555778503 0.00018260892829857766628 1.6528754713363014162e-05 0 0 0
0 0 0 0.099577799439430236816 0.096959121525287628174 0.094118490815162658691 0.091027460992336273193 0.087780177593231201172 0.084301218390464782715 0.080647885799407958984 0.07680616527795791626 0.072910510003566741943 0.068859048187732696533 0.064574182033538818359 0.06010654941201210022 0.055679865181446075439 0.051482424139976501465 0.047533337026834487915 0.043780427426099777222 0.040189709514379501343 0.036963857710361480713 0.034128814935684204102 0.031512480229139328003 0.02880719304084777832 0.026011632755398750305 0.023289166390895843506 0.02067951299250125885 0.018103042617440223694 0.015556719154119491577 0.01308560837060213089 0.010661365464329719543 0.0084106940776109695435 0.0063757249154150485992 0.004613476339727640152 0.0031721817795187234879 0.0020107068121433258057 0.0011315384181216359138 0.0004773898108396679163 0.00011039415403502061963 0 0 0 0
0 0 0.10471017658710479736 0.10200778394937515259 0 0 0.093369565904140472412 0.090118825435638427734 0.086636915802955627441 0.082807168364524841309 0.078687928617000579834 0.07443126291036605835 0.070097044110298156738 0.065585829317569732666 0.060923997312784194946 0.056279476732015609741 0.051909357309341430664 0.047782525420188903809 0.043757729232311248779 0.039934612810611724854 0.036542251706123352051 0.033582393079996109009 0.030877059325575828552 0.028081145137548446655 0.025221530348062515259 0.022435862571001052856 0.019876411184668540955 0.017423626035451889038 0.015027390792965888977 0.012703483924269676208 0.010395704768598079681 0.0081867063418030738831 0.0062495251186192035675 0.004575391765683889389 0.0031412565149366855621 0.0019230567850172519684 0.0010467482497915625572 0.00042840547394007444382 0.00010673892393242567778 4.4850598897028248757e-06 0 0 0
