01_EFForTS-ABM/tests_integration/02_integrationtest/integrationtest01/output/deg_sum_c_integrationtest01.asc
ncols        100
nrows        100
xllcorner    212461.033820999990
yllcorner    9753254.946558000520
cellsize     50.000000000000
NODATA_value  -3.4028234663852885981e+38
[rows 19 to 37 of 100, columns 43 to 85 of 100]
0.032293945550918579102 0.0330715179443359375 0.033590260893106460571 0.033884685486555099487 0.033938899636268615723 0.03369401395320892334 0.033123373985290527344 0.032261736690998077393 0.031115617603063583374 0.029717333614826202393 0.028120569884777069092 0.026324449107050895691 0.024388240650296211243 0.022348644211888313293 0.020289586856961250305 0.018233319744467735291 0.016182944178581237793 0.014173413626849651337 0.012269493192434310913 0.010560655035078525543 0.0090319607406854629517 0.0076953549869358539581 0.0064784362912178039551 0.0054595475085079669952 0.0047127017751336097717 0.0041842646896839141846 0.0039539383724331855774 0.0039383205585181713104 0.0040987338870763778687 0.0043487832881510257721 0.0046351407654583454132 0.0049565746448934078217 0.0052657704800367355347 0.0055695469491183757782 0.0059016942977905273438 0.0062043601647019386292 0.0064112152904272079468 0.0065201325342059135437 0.0066113620996475219727 0.0067602684721350669861 0.0069685815833508968353 0.0072065331041812896729 0.0074038296006619930267
0.03652730211615562439 0.037431370466947555542 0.038103774189949035645 0.038560628890991210938 0.038651704788208007812 0.038336608558893203735 0.037644632160663604736 0.036616370081901550293 0.035288248211145401001 0.033702198415994644165 0.031905088573694229126 0.029943747445940971375 0.027807183563709259033 0.025538491085171699524 0.023190621286630630493 0.020894691348075866699 0.018709516152739524841 0.016576042398810386658 0.014509428292512893677 0.012543865479528903961 0.010785656049847602844 0.00928165484219789505 0.0080239446833729743958 0.0069081699475646018982 0.0060340180061757564545 0.0054562920704483985901 0.0052089737728238105774 0.0052620018832385540009 0.0055158874019980430603 0.0058849663473665714264 0.0062507009133696556091 0.0066128373146057128906 0.0069575598463416099548 0.0072700334712862968445 0.0075565986335277557373 0.0078417807817459106445 0.0080614015460014343262 0.0082597639411687850952 0.0085489852353930473328 0.008937835693359375 0.0093775754794478416443 0.0097457682713866233826 0.010058289393782615662
0.040963463485240936279 0.04211443290114402771 0.043056063354015350342 0.043598517775535583496 0.043672651052474975586 0.04328233376145362854 0.042464692145586013794 0.041242662817239761353 0.039671745151281356812 0.037816055119037628174 0.035753902047872543335 0.033545371145009994507 0.031214497983455657959 0.028749898076057434082 0.026243800297379493713 0.023764619603753089905 0.021380847319960594177 0.019080299884080886841 0.016812473535537719727 0.014654281549155712128 0.012625606730580329895 0.010941072367131710052 0.0096044512465596199036 0.0083819711580872535706 0.0074382005259394645691 0.0068596205674111843109 0.0066919783130288124084 0.0068300501443445682526 0.0071077342145144939423 0.0075119473040103912354 0.0079612778499722480774 0.0083627561107277870178 0.0087035903707146644592 0.00899018067866563797 0.00924632977694272995 0.0094921588897705078125 0.009782314300537109375 0.010194158181548118591 0.01074572000652551651 0.011386232450604438782 0.011955617927014827728 0.012443215586245059967 0.012851416133344173431
0.045650105923414230347 0.047094833105802536011 0.048173364251852035522 0.048756215721368789673 0.048802599310874938965 0.048318751156330108643 0.047329731285572052002 0.045889850705862045288 0.044095378369092941284 0.041999697685241699219 0.039665725082159042358 0.037160210311412811279 0.03456004709005355835 0.031939625740051269531 0.029328718781471252441 0.026734830811619758606 0.024130677804350852966 0.021572222933173179626 0.019101489335298538208 0.016755152493715286255 0.014593480154871940613 0.012756993994116783142 0.01120883505791425705 0.0099103329703211784363 0.0089282831177115440369 0.0083911437541246414185 0.0083284713327884674072 0.0085122585296630859375 0.0088098971173167228699 0.0092294355854392051697 0.0096942177042365074158 0.010119949467480182648 0.010446142405271530151 0.01071678847074508667 0.010955506004393100739 0.011212937533855438232 0.011659692041575908661 0.012357433326542377472 0.013182165101170539856 0.013936954550445079803 0.014591341838240623474 0.015176557935774326324 0.015631800517439842224
0.050658691674470901489 0.052283059805631637573 0.053371407091617584229 0.053913399577140808105 0.053886525332927703857 0.053298033773899078369 0.052160315215587615967 0.05050737038254737854 0.048454359173774719238 0.046118803322315216064 0.043545067310333251953 0.040783733129501342773 0.037903491407632827759 0.035075522959232330322 0.032372705638408660889 0.029646156355738639832 0.026864789426326751709 0.024067269638180732727 0.02134120650589466095 0.018825311213731765747 0.016548791900277137756 0.014551048167049884796 0.012914536520838737488 0.011560695245862007141 0.010540322400629520416 0.0100244106724858284 0.0099758896976709365845 0.010225239209830760956 0.010574668645858764648 0.010975549928843975067 0.011415379121899604797 0.011832983233034610748 0.012183843180537223816 0.012452108785510063171 0.012716130353510379791 0.013089746236801147461 0.013767265714704990387 0.014727357774972915649 0.015671970322728157043 0.016492623835802078247 0.017245657742023468018 0.017890600487589836121 0.018361965194344520569
0 0 0.058609403669834136963 0 0 0 0 0.055032752454280853271 0.052760154008865356445 0.050201296806335449219 0.04740783199667930603 0.044423218816518783569 0.041353266686201095581 0.038329057395458221436 0.035419438034296035767 0.032524250447750091553 0.029579780995845794678 0.026601204648613929749 0.02363491058349609375 0.020920434966683387756 0.018496483564376831055 0.01630788855254650116 0.014624998904764652252 0.013304497115314006805 0.012294819578528404236 0.011732070706784725189 0.011637052521109580994 0.011950300075113773346 0.012317661195993423462 0.01270761340856552124 0.013115876354277133942 0.013511752709746360779 0.01387350820004940033 0.014199122786521911621 0.014564676210284233093 0.015144330449402332306 0.016047168523073196411 0.017124114558100700378 0.018125165253877639771 0.019046390429139137268 0.019878767430782318115 0.020547097548842430115 0.021034216508269309998
0 0 0 0 0 0 0 0.059598453342914581299 0.057124052196741104126 0.054390430450439453125 0.051362004131078720093 0.048130348324775695801 0.044881850481033325195 0.041669692844152450562 0.038491196930408477783 0.035365264862775802612 0.032227370887994766235 0.029090313240885734558 0.025970960035920143127 0.023104015737771987915 0.020489152520895004272 0.018157115206122398376 0.016364147886633872986 0.015033469535410404205 0.014088933356106281281 0.013492071069777011871 0.013339984230697154999 0.013637924566864967346 0.013991537503898143768 0.014378823339939117432 0.014785592444241046906 0.015161065384745597839 0.015542278066277503967 0.015979481860995292664 0.016511656343936920166 0.017309140413999557495 0.01837109588086605072 0.019461369141936302185 0.020546408370137214661 0.021566109731793403625 0.022445645183324813843 0.023137517273426055908 0.023639475926756858826
0.065754197537899017334 0 0 0.069332271814346313477 0 0 0 0.064376190304756164551 0.061711456626653671265 0.058719608932733535767 0.055445641279220581055 0.051969785243272781372 0.048484429717063903809 0.044993404299020767212 0.041494216769933700562 0.038084376603364944458 0.034751515835523605347 0.031422320753335952759 0.028194162994623184204 0.025210989639163017273 0.022489404305815696716 0.020092125982046127319 0.018161963671445846558 0.016779433935880661011 0.015841299667954444885 0.015278755687177181244 0.015053029172122478485 0.015260455198585987091 0.01557106897234916687 0.015964478254318237305 0.016378222033381462097 0.016785917803645133972 0.017213409766554832458 0.017790559679269790649 0.018534572795033454895 0.019531534984707832336 0.02063572220504283905 0.021759176626801490784 0.022925231605768203735 0.024023350328207015991 0.024936607107520103455 0.025651881471276283264 0.026167005300521850586
0.070810958743095397949 0 0 0.074439518153667449951 0.074220448732376098633 0.073298826813697814941 0 0.069339327514171600342 0.066483214497566223145 0.063225947320461273193 0.059657186269760131836 0.055955275893211364746 0.052205488085746765137 0.048399917781352996826 0.044549945741891860962 0.040808819234371185303 0.037184454500675201416 0.033623307943344116211 0.030259234830737113953 0.027160525321960449219 0.024368356913328170776 0.021943807601928710938 0.019942451268434524536 0.018537880852818489075 0.017598325386643409729 0.017038378864526748657 0.016746383160352706909 0.016829496249556541443 0.017079576849937438965 0.017453599721193313599 0.01788291148841381073 0.018369061872363090515 0.018890943378210067749 0.019604640081524848938 0.020569754764437675476 0.021678805351257324219 0.022817445918917655945 0.024002656340599060059 0.025239598006010055542 0.02639147639274597168 0.027340192347764968872 0.02807846851646900177 0.028604032471776008606
0.076219700276851654053 0.078074909746646881104 0.079264104366302490234 0.079796232283115386963 0.079612612724304199219 0.078688912093639373779 0.077013902366161346436 0.074591487646102905273 0.071545585989952087402 0.0679988861083984375 0.06408535689115524292 0.060053236782550811768 0.056017998605966567993 0.051864329725503921509 0.047681417316198348999 0.04356497153639793396 0.039629012346267700195 0.035820800811052322388 0.032231815159320831299 0.028984028846025466919 0.026105972006916999817 0.023626603186130523682 0.021606609225273132324 0.02018862403929233551 0.019274158403277397156 0.018716741353273391724 0.01838263683021068573 0.018370699137449264526 0.018527872860431671143 0.018850663676857948303 0.019305486232042312622 0.019898168742656707764 0.0205413084477186203 0.021373279392719268799 0.022506175562739372253 0.023715930059552192688 0.024901282042264938354 0.026144839823246002197 0.027453532442450523376 0.028655864298343658447 0.029642576351761817932 0.030403355136513710022 0.030935198068618774414
0.082128770649433135986 0.083890318870544433594 0.085019640624523162842 0.085461914539337158203 0.085183732211589813232 0.084188342094421386719 0.082466647028923034668 0 0 0 0 0.064294926822185516357 0.05992969125509262085 0.055506035685539245605 0.051011759787797927856 0.046534199267625808716 0.042247015982866287231 0.038174409419298171997 0.034309748560190200806 0.03083269856870174408 0.027801126241683959961 0.025160769000649452209 0.023085806518793106079 0.021682439371943473816 0.020786261186003684998 0.020208563655614852905 0.019906884059309959412 0.019861675798892974854 0.019925111904740333557 0.020167218521237373352 0.020637242123484611511 0.021343551576137542725 0.022123852744698524475 0.023079037666320800781 0.024307411164045333862 0.02561401762068271637 0.026871206238865852356 0.028169818222522735596 0.029539300128817558289 0.030797420069575309753 0.031826384365558624268 0.032609656453132629395 0.033141639083623886108
0.088717676699161529541 0.090290613472461700439 0.091224342584609985352 0 0 0.089782029390335083008 0 0 0 0 0 0.068771295249462127686 0.064055137336254119873 0.059348054230213165283 0.054602388292551040649 0.049837466329336166382 0.04521778598427772522 0.04086095467209815979 0.036732487380504608154 0.032926108688116073608 0.029599038884043693542 0.026736795902252197266 0.024548843502998352051 0.023103281855583190918 0.022174380719661712646 0.021518325433135032654 0.02123554423451423645 0.021210361272096633911 0.02127376943826675415 0.021431375294923782349 0.021891994401812553406 0.022673111408948898315 0.023587340489029884338 0.024649916216731071472 0.025930926203727722168 0.027331208810210227966 0.02867906913161277771 0.030043754726648330688 0.031468927860260009766 0.032789058983325958252 0.033868063241243362427 0.034675806760787963867 0.035199049860239028931
0.095952667295932769775 0 0 0 0.096792757511138916016 0 0 0 0.086992718279361724854 0.082811057567596435547 0.07821073383092880249 0.073412559926509857178 0.068466655910015106201 0.063461199402809143066 0.058452107012271881104 0.053421843796968460083 0.048449832946062088013 0 0 0.035366624593734741211 0.031686037778854370117 0.028537210077047348022 0.026125734671950340271 0.024508902803063392639 0.023511800915002822876 0.022800121456384658813 0.022466450929641723633 0.022392043843865394592 0.022476386278867721558 0.022645624354481697083 0.023078445345163345337 0.023854263126850128174 0.024877374991774559021 0.026021368801593780518 0.027341032400727272034 0.028833668678998947144 0.030278308317065238953 0.031717587262392044067 0.033201660960912704468 0.03458752855658531189 0.035731114447116851807 0.036569859832525253296 0.037072572857141494751
0.103578910231590271 0 0 0 0 0 0 0 0.092013701796531677246 0.087839208543300628662 0.083230249583721160889 0.078303918242454528809 0.073105499148368835449 0.067792855203151702881 0.06244807317852973938 0.057091969996690750122 0.051743187010288238525 0 0 0.037813663482666015625 0.033880222588777542114 0.030505111441016197205 0.027927899733185768127 0.026100791990756988525 0.024891790002584457397 0.024065671488642692566 0.023623514920473098755 0.023511849343776702881 0.023564165458083152771 0 0.024173239246010780334 0.024882113561034202576 0.025937259197235107422 0.027133289724588394165 0.028491035103797912598 0.03007684461772441864 0.031630706042051315308 0.033148389309644699097 0.034677371382713317871 0.036114662885665893555 0 0 0
0 0 0 0 0 0 0.10413655638694763184 0.10085618495941162109 0.097132131457328796387 0.092917971312999725342 0.088357493281364440918 0.083412535488605499268 0.078008212149143218994 0.072339050471782684326 0 0.060814082622528076172 0.055046048015356063843 0 0.044628072530031204224 0.040058236569166183472 0.035922437906265258789 0.032394718378782272339 0.02967297285795211792 0.02772471308708190918 0.02635700814425945282 0.025394869968295097351 0.024769820272922515869 0.024530999362468719482 0.024552483111619949341 0 0 0.025716207921504974365 0.02671374194324016571 0.027932396158576011658 0.029322233051061630249 0.030991898849606513977 0 0 0.035813841968774795532 0.037268012762069702148 0.038495700806379318237 0 0
0 0 0 0 0.11547262966632843018 0.11301396787166595459 0.11000066250562667847 0.10648279637098312378 0.10256571322679519653 0.098217532038688659668 0.093604430556297302246 0.088652133941650390625 0.083152540028095245361 0.077200002968311309814 0 0.064750127494335174561 0 0 0.047227106988430023193 0.042380388826131820679 0.037971708923578262329 0.034269597381353378296 0.031344942748546600342 0.029227321967482566833 0.0277307853102684021 0.026631630957126617432 0.025872467085719108582 0.025461710989475250244 0.025389732792973518372 0 0 0.026293380185961723328 0.027173101902008056641 0.028370041400194168091 0.029777426272630691528 0.031489763408899307251 0 0.034908235073089599609 0 0.038001265376806259155 0.03922869265079498291 0 0.040553018450736999512
0 0 0 0 0 0.11950825899839401245 0.11627187579870223999 0.11259778589010238647 0.10848219692707061768 0.10395843535661697388 0.099161446094512939453 0.094085410237312316895 0.088484153151512145996 0 0 0.069057218730449676514 0 0.05593377724289894104 0.050200741738080978394 0.045023206621408462524 0.040352869778871536255 0.036417480558156967163 0.033265139907598495483 0.03087615966796875 0.029091870412230491638 0.027746077626943588257 0.026801779866218566895 0.026211498305201530457 0.02600449882447719574 0 0 0.026603093370795249939 0.027343407273292541504 0.028451222926378250122 0.029828229919075965881 0.031535707414150238037 0.033308625221252441406 0 0 0.038257095962762832642 0 0 0
0.13566844165325164795 0.13521890342235565186 0 0 0.12950173020362854004 0.12647436559200286865 0.12302259355783462524 0.1191495358943939209 0.11485017836093902588 0.11006391793489456177 0.10503976792097091675 0.099784962832927703857 0.094041742384433746338 0 0 0 0.06668879091739654541 0.05984384194016456604 0.053673330694437026978 0.048150554299354553223 0.04318998381495475769 0.038936801254749298096 0.03554597124457359314 0.032901499420404434204 0.030755560845136642456 0.029019718989729881287 0.027715777978301048279 0.026838526129722595215 0.026382910087704658508 0.026295229792594909668 0.026403909549117088318 0.026664096862077713013 0.027276448905467987061 0.028226071968674659729 0.029490454122424125671 0.031149568036198616028 0.032919093966484069824 0 0 0.037939235568046569824 0 0 0
0.14458923041820526123 0.14385174214839935303 0.14235268533229827881 0.14014358818531036377 0.13729213178157806396 0.1339994966983795166 0.13028712570667266846 0.12610989809036254883 0.12150361388921737671 0.11650216579437255859 0.11118517816066741943 0.10562566667795181274 0.099619723856449127197 0.093090519309043884277 0.08605464547872543335 0.078668862581253051758 0.071270249783992767334 0.064166679978370666504 0.057596884667873382568 0.051777556538581848145 0.046505846083164215088 0.041875880211591720581 0.03820652887225151062 0.035262174904346466064 0.032742734998464584351 0.030576700344681739807 0.028848150745034217834 0.027607383206486701965 0.026786535978317260742 0.026405157521367073059 0.026345422491431236267 0.02650778554379940033 0.026994774118065834045 0.027771649882197380066 0.028826041147112846375 0.030357101932168006897 0.032071925699710845947 0 0 0.03704678267240524292 0.038217488676309585571 0 0
