01_EFForTS-ABM/tests_integration/02_integrationtest/integrationtest01/output/deg_sum_c_integrationtest01.asc
ncols        100
nrows        100
xllcorner    212461.033820999990
yllcorner    9753254.946558000520
cellsize     50.000000000000
NODATA_value  -3.4028234663852885981e+38
[rows 76 to 94 of 100, columns 43 to 85 of 100]
0 0 0.10745000094175338745 0.10464834421873092651 0.10180737078189849854 0 0.095967143774032592773 0.092808417975902557373 0.089322298765182495117 0.085406862199306488037 0.081180229783058166504 0.076760366559028625488 0.072182297706604003906 0.067404292523860931396 0.062487117946147918701 0.05760140344500541687 0.052991542965173721313 0.048527631908655166626 0.044200476258993148804 0.040137626230716705322 0.036498125642538070679 0.033317457884550094604 0.030530005693435668945 0.027703279629349708557 0.024778576567769050598 0.021935109049081802368 0.019342832267284393311 0.016935493797063827515 0.014609857462346553802 0.012396478094160556793 0.010234362445771694183 0.0081561915576457977295 0.0062669534236192703247 0.0045515429228544235229 0.0031136511825025081635 0.0019210234750062227249 0.0010425862856209278107 0.00047395218280144035816 0.00016551914450246840715 2.556208892201539129e-05 0 0 0
0 0 0.11026167869567871094 0.10743489861488342285 0.10459544509649276733 0.10175393521785736084 0.098821222782135009766 0.095630414783954620361 0.092036910355091094971 0.088051870465278625488 0.083722934126853942871 0.079170957207679748535 0.07439784705638885498 0.069399572908878326416 0.064265139400959014893 0.059107225388288497925 0.054219055920839309692 0.04949464648962020874 0.044950906187295913696 0.040647640824317932129 0.036778386682271957397 0.033382214605808258057 0.030463118106126785278 0.027581168338656425476 0.024589790031313896179 0.021674202755093574524 0.018992710858583450317 0.016555430367588996887 0.01429640594869852066 0.012190218083560466766 0.010171633213758468628 0.0082385875284671783447 0.0063362484797835350037 0.004579058382660150528 0.003106204792857170105 0.0019885657820850610733 0.0011614273535087704659 0.00060558092081919312477 0.00024581400793977081776 5.5905969929881393909e-05 0 0 0
0 0 0.11292030662298202515 0.11030584573745727539 0.10768403112888336182 0.1049509197473526001 0.10194884240627288818 0.09852479398250579834 0.09473018348217010498 0.090543821454048156738 0.086026228964328765869 0.081345230340957641602 0.076474919915199279785 0.07135165482759475708 0.066071249544620513916 0.060690097510814666748 0.055527601391077041626 0.050600357353687286377 0.045838728547096252441 0.041293699294328689575 0.037196122109889984131 0.033602405339479446411 0.030537731945514678955 0.027578644454479217529 0.024528702720999717712 0.021543193608522415161 0.018805073574185371399 0.016368333250284194946 0.014141631312668323517 0.012078127823770046234 0.010161590762436389923 0.0082815997302532196045 0.0064365346916019916534 0.0046740476973354816437 0.0031890589743852615356 0.0021265363320708274841 0.0013506630202755331993 0.00074838148429989814758 0.00031918665627017617226 8.0467696534469723701e-05 0 0 0
0 0 0.11538567394018173218 0.11306878179311752319 0.11065631359815597534 0.1079896390438079834 0.10487121343612670898 0.10127432644367218018 0.097255542874336242676 0.092842601239681243896 0.08810023963451385498 0.08330094069242477417 0.078440971672534942627 0.07337681204080581665 0.068024180829524993896 0.062447402626276016235 0.057020369917154312134 0.051788516342639923096 0.046775165945291519165 0.042021416127681732178 0.037689957767724990845 0.033904030919075012207 0.030663479119539260864 0.02764515019953250885 0.024624343961477279663 0.021645698696374893188 0.018855631351470947266 0.016318431124091148376 0.014079282991588115692 0.011996973305940628052 0.010135093703866004944 0.0083275362849235534668 0.0065643037669360637665 0.0048896986991167068481 0.0033905634190887212753 0.0023156877141445875168 0.0015277373604476451874 0.00089433975517749786377 0.00038212913204915821552 0.00010354658297728747129 0 0 0
0 0 0 0.11543482542037963867 0.11316304653882980347 0.11049710214138031006 0.10736251622438430786 0.10371009260416030884 0.099575929343700408936 0.095021873712539672852 0.090126961469650268555 0.085190668702125549316 0.080284848809242248535 0.075200803577899932861 0 0 0 0.052938409149646759033 0.047732271254062652588 0.042839393019676208496 0.038299597799777984619 0.034314572811126708984 0.030902504920959472656 0.02783129177987575531 0.024823544546961784363 0.021845962852239608765 0.018987853080034255981 0.016314027830958366394 0.014033741317689418793 0.011941386386752128601 0.010136589407920837402 0.008422071114182472229 0.0067727053537964820862 0.0051767728291451931 0.0036850862670689821243 0.0025027971714735031128 0.0016701987478882074356 0.0010295204119756817818 0.0004462858196347951889 0.00013261860294733196497 0 0 0
0 0 0 0.11722213029861450195 0.11513432115316390991 0.1125415414571762085 0.10942491888999938965 0 0.10166667401790618896 0 0.092054538428783416748 0.087031282484531402588 0.081999480724334716797 0.076755806803703308105 0 0 0 0.05386761203408241272 0 0 0 0.034744959324598312378 0.031170783564448356628 0.028006613254547119141 0.024971256032586097717 0.022000085562467575073 0.019126441329717636108 0.016373651102185249329 0.014040208421647548676 0.012015533633530139923 0.010244821198284626007 0.008614497259259223938 0.007041800767183303833 0.0054793218150734901428 0.0039512524381279945374 0.0026778506580740213394 0.0017768107354640960693 0.0011305905645713210106 0.00050846382509917020798 0.00015263620298355817795 0 0 0
0 0 0 0.11833252757787704468 0.11649231612682342529 0.11406055092811584473 0.11108618974685668945 0 0 0 0.093626447021961212158 0.088465355336666107178 0.083253793418407440186 0.077848389744758605957 0 0 0 0.054487749934196472168 0 0 0 0.035059824585914611816 0.031326845288276672363 0.028092226013541221619 0.025072483345866203308 0.022163245826959609985 0.019294453784823417664 0.016564652323722839355 0.014246792532503604889 0.01220140606164932251 0.01045731082558631897 0.008833863772451877594 0.0072636427357792854309 0.0056886086240410804749 0.0041406294330954551697 0.002826538868248462677 0.0018511004745960235596 0.0011967286700382828712 0.00056100613437592983246 0.00016344602045137435198 0 0 0
0 0 0 0.11875344812870025635 0.11713957041501998901 0.11487829685211181641 0.11203723400831222534 0 0.1044618561863899231 0.099774621427059173584 0.094687975943088531494 0.08948211371898651123 0.084159009158611297607 0.078596435487270355225 0.072719782590866088867 0.066680438816547393799 0.060709588229656219482 0.054896656423807144165 0.049474608153104782104 0.044397294521331787109 0.039674699306488037109 0.035370245575904846191 0.031526841223239898682 0.028232974931597709656 0.025235163047909736633 0.022370170801877975464 0.019520305097103118896 0.016851309686899185181 0.014549998566508293152 0.012457974255084991455 0.010642040520906448364 0.0089668026193976402283 0.0073844562284648418427 0.0058025815524160861969 0.0042515215463936328888 0.0029347927775233983994 0.0019045342924073338509 0.0012273864122107625008 0.00058868271298706531525 0.00016496435273438692093 0 0 0
0 0 0 0.11845863610506057739 0.11706273257732391357 0.1149550899863243103 0.11222501099109649658 0 0.10470255464315414429 0.10001125186681747437 0.094975076615810394287 0.089803680777549743652 0.084447659552097320557 0 0.072896026074886322021 0.066846415400505065918 0.060888919979333877563 0.055101532489061355591 0.049725353717803955078 0.044686399400234222412 0.040004916489124298096 0.035660028457641601562 0.031727503985166549683 0.028383035212755203247 0.025402627885341644287 0.022565435618162155151 0.019746199250221252441 0.017097556963562965393 0.014771016314625740051 0.01264559570699930191 0.010737868025898933411 0.0090073524042963981628 0.0074029350653290748596 0.0058201281353831291199 0.0042829480953514575958 0.002979475073516368866 0.001933976425789296627 0.001222310354933142662 0.00059128430439159274101 0.00015718032955192029476 0 0 0
0.1158929094672203064 0 0 0 0 0.1142301410436630249 0 0 0.10409680753946304321 0.099443249404430389404 0.094480976462364196777 0.089360348880290985107 0.084013551473617553711 0 0.072517983615398406982 0.066554121673107147217 0.060693737119436264038 0.055029809474945068359 0 0 0 0.035802144557237625122 0.03181776776909828186 0.028407819569110870361 0.025402028113603591919 0.022608429193496704102 0.01978847011923789978 0.017160374671220779419 0.014837697148323059082 0.012701095081865787506 0.010749639011919498444 0.0089480485767126083374 0.0073189432732760906219 0.0057411189191043376923 0.0042346850968897342682 0.0029602798167616128922 0.0019320601131767034531 0.0011815510224550962448 0.00056880008196458220482 0.00014015616034157574177 0 0 0
0.11328329145908355713 0 0 0 0 0.112545795738697052 0 0 0 0.098063059151172637939 0.093220479786396026611 0.088163159787654876709 0.08284448087215423584 0 0 0 0 0.054449595510959625244 0.049300733953714370728 0 0.039901711046695709229 0.035549391061067581177 0.031590748578310012817 0.028180105611681938171 0.025184484198689460754 0.022415595129132270813 0.019612018018960952759 0.017036881297826766968 0.014736287295818328857 0.012610432691872119904 0.010644647292792797089 0.0087931388989090919495 0.0071335081011056900024 0.0055664074607193470001 0.0041072661988437175751 0.0028774731326848268509 0.0018840666161850094795 0.0011054606875404715538 0.00052141735795885324478 0.00011402477684896439314 0 0 0
0.11006603389978408813 0.11168287694454193115 0.11263997852802276611 0 0.11172957718372344971 0 0 0.10409697890281677246 0.10020577907562255859 0.095859169960021972656 0.091196365654468536377 0.086230009794235229492 0.080962717533111572266 0.075435787439346313477 0.069764129817485809326 0.064115449786186218262 0.058664239943027496338 0.05338392406702041626 0.048404455184936523438 0 0.039178725332021713257 0.034941639751195907593 0.03110348433256149292 0.027711389586329460144 0.024712469428777694702 0.021985692903399467468 0.019222967326641082764 0.016731631010770797729 0.014470289461314678192 0.012376365251839160919 0.010410413146018981934 0.0085499035194516181946 0.0068487599492073059082 0.0053126122802495956421 0.003916785120964050293 0.0027467065956443548203 0.0017904962878674268723 0.00099467881955206394196 0.00044951439485885202885 7.8984863648656755686e-05 0 0 0
0.10627873241901397705 0.10803499817848205566 0 0 0 0.10645120590925216675 0 0.10070984810590744019 0.097009837627410888672 0.092901602387428283691 0.088433273136615753174 0.08358307182788848877 0 0.07295719534158706665 0.067442663013935089111 0.062052477151155471802 0 0 0.04706791415810585022 0.042477708309888839722 0.038135077804327011108 0.03407402336597442627 0.030343048274517059326 0.026978086680173873901 0.024000560864806175232 0.021330276504158973694 0.018645362928509712219 0.016251679509878158569 0.014060129411518573761 0.012003371492028236389 0.010050725191831588745 0.0082011809572577476501 0.0064722998067736625671 0.0049894512630999088287 0.0036722561344504356384 0.0025764000602066516876 0.0016522156074643135071 0.00086493720300495624542 0.00036847629235126078129 5.0123810069635510445e-05 0 0 0
0.10189232230186462402 0.10370940715074539185 0 0 0 0.10221233218908309937 0.099676519632339477539 0.096587866544723510742 0.093087904155254364014 0 0 0 0 0 0.064653150737285614014 0.059557240456342697144 0.054716512560844421387 0 0.045372638851404190063 0.040943101048469543457 0.036795858293771743774 0.032925896346569061279 0.029289262369275093079 0.025987349450588226318 0.023066475987434387207 0.020463630557060241699 0.017897814512252807617 0.015620851889252662659 0.01352015230804681778 0.011497337371110916138 0.0095705641433596611023 0.0077437958680093288422 0.0060276226140558719635 0.0046101897023618221283 0.0033860981930047273636 0.002370814792811870575 0.0014704216737300157547 0.00072444620309397578239 0.00028609531000256538391 3.4828943171305581927e-05 0 0 0
0 0.098649680614471435547 0 0 0 0.097177006304264068604 0.094696857035160064697 0.091746151447296142578 0.088425576686859130859 0 0 0 0 0.066407345235347747803 0.061502214521169662476 0.056746702641248703003 0.052171308547258377075 0 0.043327454477548599243 0.039122633635997772217 0.0352114066481590271 0.031496644020080566406 0.027969110757112503052 0.024761917069554328918 0.021929217502474784851 0.019408976659178733826 0.016995776444673538208 0.014849148690700531006 0.012846466153860092163 0.010865205898880958557 0.0089758392423391342163 0.0071828085929155349731 0.005532429087907075882 0.0041866931132972240448 0.0030692268628627061844 0.0021196354646235704422 0.0012540346942842006683 0.0005695926956832408905 0.00019828436779789626598 2.1077028577565215528e-05 0 0 0
0 0 0 0 0 0.091368183493614196777 0.089006975293159484863 0.086217842996120452881 0.083021454513072967529 0.07947584986686706543 0.075615748763084411621 0.071453385055065155029 0.067052431404590606689 0.062541179358959197998 0.058049909770488739014 0.053611323237419128418 0.049288902431726455688 0.045102152973413467407 0.040997922420501708984 0.037070922553539276123 0.033384680747985839844 0.029816070571541786194 0.026407545432448387146 0.023323791101574897766 0.02060777321457862854 0.018202988430857658386 0.015962671488523483276 0.013963410630822181702 0.01204354502260684967 0.010114627890288829803 0.008273105137050151825 0.0065386844798922538757 0.0049937982112169265747 0.0037355127278715372086 0.0027223471552133560181 0.001820473233237862587 0.0010251870844513177872 0.00041749820229597389698 0.0001216513337567448616 4.4850598897028248757e-06 0 0 0
0.084471575915813446045 0 0 0 0 0.084859348833560943604 0.082690246403217315674 0.080056846141815185547 0.077036321163177490234 0.073742322623729705811 0.070217967033386230469 0.066451132297515869141 0.062507323920726776123 0.058453284204006195068 0 0.050224151462316513062 0.046208273619413375854 0.042293254286050796509 0.038457017391920089722 0.034808233380317687988 0.031326387077569961548 0.027912408113479614258 0.024642568081617355347 0.021708520129323005676 0.019135199487209320068 0.016878740862011909485 0.014842223376035690308 0.012969563715159893036 0.011120698414742946625 0.0092536406591534614563 0.0074692992493510246277 0.0058360286056995391846 0.00443015294149518013 0.0032741620671004056931 0.0023433235473930835724 0.0014904871350154280663 0.00079538382124155759811 0.00029388960683718323708 6.6555650846567004919e-05 0 0 0 0
0.077275678515434265137 0 0 0 0 0.077760934829711914062 0.075827904045581817627 0.073442891240119934082 0.070751316845417022705 0.067844592034816741943 0.06471392512321472168 0.061357356607913970947 0.057842861860990524292 0.054204281419515609741 0.050449058413505554199 0.046686470508575439453 0.042969807982444763184 0.039325542747974395752 0.035767287015914916992 0.032357204705476760864 0.029062137007713317871 0.025797350332140922546 0.022702710703015327454 0.019942406564950942993 0.017547180876135826111 0.01547554507851600647 0.01365025155246257782 0.011875092983245849609 0.010087273083627223969 0.0082903960719704627991 0.0066082603298127651215 0.0051196678541600704193 0.0038670049980282783508 0.0028053324203938245773 0.0019318924751132726669 0.0011656064307317137718 0.00056690140627324581146 0.0001926216209540143609 2.2527950932271778584e-05 0 0 0 0
0.069697901606559753418 0.071069598197937011719 0.071833565831184387207 0.071949094533920288086 0.07143125683069229126 0.070335768163204193115 0.068720296025276184082 0.066711135208606719971 0.064432427287101745605 0.061920076608657836914 0.059149291366338729858 0.056196983903646469116 0 0 0.046479582786560058594 0.043021857738494873047 0.039585061371326446533 0.036213055253028869629 0.032933641225099563599 0.029739538207650184631 0.026617495343089103699 0.02349509112536907196 0.020602505654096603394 0.018067391589283943176 0.015868794173002243042 0.014052678830921649933 0.012373482808470726013 0.010682550258934497833 0.0089524071663618087769 0.0072638797573745250702 0.0057297348976135253906 0.0044153966009616851807 0.003297979012131690979 0.0023122562561184167862 0.0015200874768197536469 0.00086449465015903115273 0.00037279960815794765949 0.00010467520769452676177 0 0 0 0 0
