01_EFForTS-ABM/tests_integration/02_integrationtest/integrationtest01/output/deg_sum_c_integrationtest01.asc
ncols        100
nrows        100
xllcorner    212461.033820999990
yllcorner    9753254.946558000520
cellsize     50.000000000000
NODATA_value  -3.4028234663852885981e+38
[rows 38 to 56 of 100, columns 0 to 42 of 100]
0.0075467540882527828217 0.0082348966971039772034 0.0090246265754103660583 0.0099134128540754318237 0.010785642080008983612 0.011572266928851604462 0.012323689647018909454 0.013184084556996822357 0.014177815988659858704 0.015380720607936382294 0.016739986836910247803 0.018148219212889671326 0.019665880128741264343 0.021394383162260055542 0.023375786840915679932 0.0256680268794298172 0.028221895918250083923 0.031066337600350379944 0.034054566174745559692 0.037155650556087493896 0.040582738816738128662 0.04448709636926651001 0.048954363912343978882 0.054073706269264221191 0.059762664139270782471 0.065710805356502532959 0.071636468172073364258 0.077657178044319152832 0.083875127136707305908 0.090192019939422607422 0.096544295549392700195 0.10305520892143249512 0.10960042476654052734 0.11602322757244110107 0.12230169028043746948 0.12830215692520141602 0.13392433524131774902 0.13892291486263275146 0.1433899998664855957 0.14730435609817504883 0 0 0
0.0082955090329051017761 0.0090855006128549575806 0.0099888024851679801941 0.010972151532769203186 0.011893913149833679199 0.012727309949696063995 0.013566064648330211639 0.014524149708449840546 0.015650238841772079468 0.016988076269626617432 0.018435599282383918762 0.019938433542847633362 0.02160677686333656311 0.023538965731859207153 0.025811128318309783936 0.028385479003190994263 0.031273990869522094727 0.034461218863725662231 0.037756882607936859131 0.041228637099266052246 0.045080251991748809814 0.049495801329612731934 0.054571453481912612915 0.060218367725610733032 0.066337101161479949951 0.072648741304874420166 0.078943073749542236328 0.085175402462482452393 0.091530494391918182373 0.098063237965106964111 0.10471198707818984985 0.11147125810384750366 0.1181880757212638855 0.12472827732563018799 0.13102972507476806641 0.1370858997106552124 0.14283011853694915771 0.14797894656658172607 0.15254902839660644531 0 0 0 0
0.0090191103518009185791 0.0099131781607866287231 0.010925580747425556183 0.0119783058762550354 0.012954719364643096924 0.013840648345649242401 0.014775768853724002838 0.01582863926887512207 0.017079070210456848145 0.018532464280724525452 0.020045990124344825745 0.021647406741976737976 0.023475013673305511475 0.025639010593295097351 0.028164364397525787354 0.031011175364255905151 0.034236598759889602661 0.037788424640893936157 0.041428010910749435425 0.045323885977268218994 0.049694202840328216553 0.054632063955068588257 0.060265824198722839355 0.066464699804782867432 0.072931110858917236328 0.079610385000705718994 0.086298361420631408691 0.092824943363666534424 0.099395886063575744629 0.10612117499113082886 0.11293370276689529419 0.11991564929485321045 0.12678854167461395264 0.13349255919456481934 0.13983571529388427734 0.1458788067102432251 0.15163382887840270996 0.1568638235330581665 0.16155162453651428223 0.16567467153072357178 0.16886058449745178223 0 0
0.0097067812457680702209 0.010698756203055381775 0.01181049831211566925 0.012921808287501335144 0.0139583563432097435 0.014903562143445014954 0.015930473804473876953 0.017088698223233222961 0.018448332324624061584 0.019992046058177947998 0.02155833318829536438 0.023263372480869293213 0.0252523031085729599 0.027649585157632827759 0.030381508171558380127 0.033527750521898269653 0.037144333124160766602 0.041056804358959197998 0.045076820999383926392 0.04949550330638885498 0.054371040314435958862 0.059787079691886901855 0.065871857106685638428 0.072534285485744476318 0.079399235546588897705 0.086414664983749389648 0.093441277742385864258 0.10033478587865829468 0.10714966803789138794 0.11410224437713623047 0.12113177776336669922 0.12830285727977752686 0.1353731304407119751 0.14220328629016876221 0.14860737323760986328 0.15457651019096374512 0.16027249395847320557 0.16544507443904876709 0 0 0.1772101670503616333 0 0
0.01034188736230134964 0.011424231342971324921 0.012616652995347976685 0.013789908960461616516 0.01489192526787519455 0.015903856605291366577 0.017019575461745262146 0.01828886568546295166 0.019744118675589561462 0.021344084292650222778 0.022971522063016891479 0.024777382612228393555 0.026926731690764427185 0.029497345909476280212 0.032465554773807525635 0.03596307709813117981 0.039982866495847702026 0.044244099408388137817 0.04871843382716178894 0.053655490279197692871 0.05894349515438079834 0.064688056707382202148 0.071129389107227325439 0.07817484438419342041 0.085393466055393218994 0 0 0 0 0.12175514549016952515 0.12914641201496124268 0.13665568828582763672 0.14394482970237731934 0.15082556009292602539 0.15721787512302398682 0.1631012260913848877 0.16856126487255096436 0.17354691028594970703 0 0 0 0 0
0.010898899286985397339 0.012062205001711845398 0.013329649344086647034 0.014566660858690738678 0.01573827303946018219 0.016823995858430862427 0.018026698380708694458 0.019401501864194869995 0.02094286307692527771 0.022579163312911987305 0.024259882047772407532 0.026153964921832084656 0.028426282107830047607 0.031162200495600700378 0.034413911402225494385 0.038264609873294830322 0.042680114507675170898 0.047338984906673431396 0.052243001759052276611 0.057520642876625061035 0.063123248517513275146 0.069156832993030548096 0.075851723551750183105 0.083159528672695159912 0.090674482285976409912 0 0 0 0 0.12895298004150390625 0.13673049211502075195 0 0 0.15919911861419677734 0.16548368334770202637 0.17124614119529724121 0.17644034326076507568 0.18108263611793518066 0 0 0 0 0
0.011366267688572406769 0.01259869895875453949 0.013932885602116584778 0.015232755802571773529 0.016475237905979156494 0.017638955265283584595 0.018924897536635398865 0.020402567461133003235 0.022029636427760124207 0.023686975240707397461 0.025399681180715560913 0.027351254597306251526 0.029736213386058807373 0.032655347138643264771 0.036209229379892349243 0.040407758206129074097 0.045181222259998321533 0.05013812333345413208 0.055381435900926589966 0.060947783291339874268 0.066861003637313842773 0.073102019727230072021 0.079882502555847167969 0.087345406413078308105 0.095107734203338623047 0 0 0 0 0 0 0 0 0 0 0 0.18380934000015258789 0.188213348388671875 0 0 0 0 0
0.011732147075235843658 0.01301890891045331955 0.014408107846975326538 0.015766033902764320374 0.01707606390118598938 0.018315812572836875916 0.019671570509672164917 0.02123737335205078125 0 0 0.026346266269683837891 0.028336396440863609314 0.030811028555035591125 0.033954985439777374268 0.037797536700963973999 0.042285308241844177246 0.047264322638511657715 0.052479345351457595825 0.057981994003057479858 0 0 0 0.083139218389987945557 0.090773105621337890625 0.098848022520542144775 0 0 0 0 0 0 0 0 0 0 0 0.19055555760860443115 0.19482623040676116943 0.1985292285680770874 0.20145906507968902588 0 0 0
0.011985232122242450714 0.013308192603290081024 0.014736508019268512726 0.01614270918071269989 0.017511306330561637878 0.018818020820617675781 0.020215770229697227478 0.021817008033394813538 0 0 0 0.029034353792667388916 0.031627468764781951904 0.034989155828952789307 0.039040200412273406982 0.043722301721572875977 0.048840433359146118164 0 0 0 0 0 0.085733987390995025635 0.093541778624057769775 0.10190367698669433594 0.11038484424352645874 0 0 0 0 0 0 0 0 0 0 0.19645461440086364746 0.20061226189136505127 0.20414315164089202881 0.20690447092056274414 0 0 0
0.012115891091525554657 0.013453529216349124908 0.014900410547852516174 0.016338998451828956604 0.017750393599271774292 0.019110534340143203735 0.020519200712442398071 0 0 0 0 0.029376130551099777222 0.032144445925951004028 0.035669662058353424072 0.039833858609199523926 0.044654920697212219238 0.049859564751386642456 0.055414807051420211792 0.061227936297655105591 0 0 0.080473288893699645996 0.08769963681697845459 0.095722906291484832764 0.1042167171835899353 0.11285456269979476929 0 0 0 0 0 0 0 0 0 0 0.2011706233024597168 0.20528744161128997803 0.20869831740856170654 0.21131929755210876465 0.21321213245391845703 0 0
0.012117516249418258667 0.013445463962852954865 0.014885894022881984711 0.016333878040313720703 0.017761640250682830811 0.019150044769048690796 0 0 0 0 0 0.029328504577279090881 0.032284606248140335083 0.03588458523154258728 0.040155846625566482544 0.045059781521558761597 0.050315901637077331543 0.055975347757339477539 0.06185183301568031311 0.068021342158317565918 0.074586600065231323242 0.081554338335990905762 0.08909842371940612793 0.09725068509578704834 0.10576557368040084839 0.11440411210060119629 0.12337522208690643311 0.13255824148654937744 0 0.15137794613838195801 0.16103267669677734375 0 0 0 0 0.19949655234813690186 0 0 0 0 0.21624799072742462158 0 0
0.011987825855612754822 0.013280308805406093597 0.014686540700495243073 0.016115294769406318665 0.017520997673273086548 0.018884018063545227051 0 0 0.022758623585104942322 0.024337308481335639954 0.026406511664390563965 0.028907479718327522278 0.03196613118052482605 0.035636544227600097656 0.039999868720769882202 0.04493598639965057373 0.050230644643306732178 0.055975403636693954468 0.061913114041090011597 0.068225987255573272705 0.074966184794902801514 0.082129359245300292969 0.089847356081008911133 0.098011933267116546631 0.1065037846565246582 0.11512781679630279541 0.12409678846597671509 0.13345600664615631104 0.14305789768695831299 0.15273492038249969482 0.16247844696044921875 0 0 0 0 0.20115794241428375244 0 0 0 0 0 0.21894235908985137939 0.2191473841667175293
0.011729663237929344177 0.012961747124791145325 0.014306861907243728638 0.015688065439462661743 0.017032112926244735718 0.018313765525817871094 0 0 0.021757157519459724426 0.023343779146671295166 0.025485143065452575684 0.028143784031271934509 0.031252216547727584839 0.034966904670000076294 0.039371103048324584961 0.044323004782199859619 0.04967977479100227356 0.055506456643342971802 0.061659894883632659912 0.068211011588573455811 0.075090713798999786377 0.082330636680126190186 0.090091742575168609619 0.098248891532421112061 0.10668513178825378418 0.11526808887720108032 0.12421171367168426514 0.13363780081272125244 0 0 0 0.17225617170333862305 0 0 0 0.20133849978446960449 0 0.2103805243968963623 0 0 0 0.21914008259773254395 0.21940143406391143799
0.011350841261446475983 0.012500754557549953461 0.013762639835476875305 0.015075691975653171539 0.016332024708390235901 0.017498236149549484253 0.018513033166527748108 0.01945550180971622467 0.020563799887895584106 0.022175587713718414307 0.024350214749574661255 0.027069956064224243164 0.03020049072802066803 0.033932216465473175049 0.038368351757526397705 0.043384410440921783447 0.048837788403034210205 0.054836221039295196533 0.06123100966215133667 0.067970871925354003906 0.074892908334732055664 0.082127541303634643555 0.089873529970645904541 0.098026037216186523438 0.10645205527544021606 0.1150498315691947937 0.12400673329830169678 0.13343183696269989014 0 0 0.16251909732818603516 0.17168945074081420898 0.18023782968521118164 0.18788142502307891846 0.19435778260231018066 0 0 0.20911680161952972412 0.21221962571144104004 0.21471551060676574707 0.216737404465675354 0 0.21829873323440551758
0.010877768509089946747 0.011928356252610683441 0.013091940432786941528 0.014312755316495895386 0.015475505031645298004 0.016532365232706069946 0.017436254769563674927 0.018249338492751121521 0.019301125779747962952 0.020902352407574653625 0.023047288879752159119 0.025746198371052742004 0.028911869972944259644 0.032672908157110214233 0.037186454981565475464 0.042264789342880249023 0.047817260026931762695 0.053961344063282012939 0.060573086142539978027 0.067414350807666778564 0.07442016899585723877 0.081673495471477508545 0.08938512951135635376 0.09751068800687789917 0.10590817779302597046 0.11453457176685333252 0.12345000356435775757 0.13282662630081176758 0 0 0 0 0 0 0.19212871789932250977 0 0 0 0 0.21211063861846923828 0.21411842107772827148 0 0.21590274572372436523
0.010331056080758571625 0.011269926093518733978 0.012326787225902080536 0.01343347504734992981 0.014509537257254123688 0.015476003289222717285 0.016300661489367485046 0.017037695273756980896 0.018017906695604324341 0.01956007443368434906 0.021649539470672607422 0.024300275370478630066 0.027492146939039230347 0.031323105096817016602 0.035876858979463577271 0.040967077016830444336 0.046631690114736557007 0.052897538989782333374 0.05966091156005859375 0.066585756838321685791 0.073702976107597351074 0.080985434353351593018 0.088619850575923919678 0.096654430031776428223 0.10504899173974990845 0.1136928945779800415 0.12255720049142837524 0.13176545500755310059 0 0 0 0 0 0 0 0 0 0 0.20569443702697753906 0.20830371975898742676 0.2102779000997543335 0 0
0.0097269015386700630188 0.010553016327321529388 0.011484587565064430237 0.012472525238990783691 0.013464861549437046051 0.014357056468725204468 0.015119000338017940521 0.015837652608752250671 0.016758309677243232727 0.018223350867629051208 0.020260512828826904297 0.022869341075420379639 0.026051562279462814331 0.029871001839637756348 0.034406840801239013672 0.039543360471725463867 0.045325640588998794556 0.051666449755430221558 0.058472849428653717041 0.065466895699501037598 0.072648599743843078613 0.079951025545597076416 0.08750464022159576416 0.095421060919761657715 0.10374318808317184448 0.11239594966173171997 0.12117329984903335571 0.13013343513011932373 0.13924922049045562744 0.14827962219715118408 0 0.16549918055534362793 0.17303282022476196289 0 0 0.18974101543426513672 0.19384647905826568604 0 0 0 0 0 0
0.0090655162930488586426 0.0098010040819644927979 0.010599113069474697113 0.011470092460513114929 0.012360759079456329346 0.013190800324082374573 0.013900900259613990784 0.014644428156316280365 0.015565541572868824005 0.016974801197648048401 0.018971882760524749756 0.021509259939193725586 0.024590143933892250061 0.028318474069237709045 0.032861296087503433228 0.038020610809326171875 0.043863534927368164062 0.050217501819133758545 0.057007372379302978516 0.064041592180728912354 0.071242578327655792236 0.078511692583560943604 0.085960246622562408447 0.093703009188175201416 0.1018905341625213623 0.11044447869062423706 0.11911156773567199707 0.12781500816345214844 0.13656429946422576904 0.14523407816886901855 0 0 0 0 0 0.18450374901294708252 0.1882374882698059082 0 0 0 0 0 0
0.0083531113341450691223 0.009024036116898059845 0.0097011905163526535034 0.010449894703924655914 0.011224692687392234802 0.011986842378973960876 0.012661756016314029694 0.013463852927088737488 0.014467870816588401794 0.015865610912442207336 0.017799956724047660828 0.020193137228488922119 0.023154444992542266846 0.026727611199021339417 0.031220771372318267822 0.036446683108806610107 0.04230765998363494873 0.04858538508415222168 0.055285897105932235718 0.062239561229944229126 0.069347493350505828857 0.076519824564456939697 0.083868935704231262207 0.091480635106563568115 0.099524326622486114502 0.10794407129287719727 0.11645779013633728027 0.12495946139097213745 0.13329792022705078125 0.14149679243564605713 0.14950743317604064941 0 0 0 0 0 0.18174776434898376465 0.18503145873546600342 0 0 0 0 0
