01_EFForTS-ABM/tests_integration/02_integrationtest/integrationtest01/output/quality_c_integrationtest01.asc
ncols        100
nrows        100
xllcorner    212461.033820999990
yllcorner    9753254.946558000520
cellsize     50.000000000000
NODATA_value  -3.4028234663852885981e+38
[rows 60 to 79 of 100, columns 45 to 89 of 100]
0.94538724422454833984 0.94656330347061157227 0.9479967951774597168 1 1 0.95388811826705932617 0.95623821020126342773 0.95859074592590332031 0.96092575788497924805 0.96322351694107055664 0.96549409627914428711 1 1 0 1 1 1 0.98455846309661865234 0.98706239461898803711 0.98928844928741455078 0.99130254983901977539 0.99305564165115356445 0.99456399679183959961 0.99582731723785400391 0.99684482812881469727 0.99764746427536010742 0.99829208850860595703 0.99881017208099365234 0.99921137094497680664 0.99950015544891357422 0.99970233440399169922 0.99983352422714233398 0.99991244077682495117 0.99995815753936767578 0.99998354911804199219 0.99999457597732543945 0.99999862909317016602 0.99999976158142089844 1 1 1 1 1 1 1
0.95251244306564331055 0.953548431396484375 0.95472443103790283203 1 1 0.95973324775695800781 0.9618409276008605957 0.96394187211990356445 0.96599578857421875 0.96795040369033813477 0.96989160776138305664 0.97194582223892211914 0.97414529323577880859 0 1 1 1 0.98645603656768798828 0.98859328031539916992 0.99050635099411010742 0.99225711822509765625 0.9938094019889831543 0.99514847993850708008 0.99626660346984863281 0.99716818332672119141 0.99788516759872436523 0.99847018718719482422 0.9989388585090637207 0.99929726123809814453 0.99955517053604125977 0.99973446130752563477 0.99985033273696899414 0.99992161989212036133 0.99996238946914672852 0.99998497962951660156 0.99999499320983886719 0.9999987483024597168 0.99999982118606567383 1 1 1 1 1 1 1
0.95897072553634643555 0.9598973393440246582 0.96085935831069946289 0.96202325820922851562 0.96344256401062011719 0 0.9670391082763671875 0.96890443563461303711 0.97068834304809570312 0.9723828434944152832 1 1 1 0 1 1 0.98623675107955932617 1 1 1 1 0.99456566572189331055 0.99574351310729980469 0.9967244267463684082 0.99751740694046020508 0.99814975261688232422 0.99866712093353271484 0.99907821416854858398 0.99938905239105224609 0.99961417913436889648 0.99976843595504760742 0.99987006187438964844 0.99993181228637695312 0.99996703863143920898 0.99998676776885986328 0.99999570846557617188 0.99999886751174926758 0.99999982118606567383 1 1 1 1 1 1 1
0.96457469463348388672 0.96542531251907348633 0.96630769968032836914 0.96728336811065673828 0.96846783161163330078 0.96996140480041503906 0.97160321474075317383 0.97323644161224365234 0.97482621669769287109 0.97633612155914306641 0.97782975435256958008 0.97938817739486694336 0.98109734058380126953 0.98288148641586303711 1 1 0.98822629451751708984 1 1 1 1 0.9952748417854309082 0.99630278348922729492 0.99716901779174804688 0.99786496162414550781 0.99842071533203125 0.99886864423751831055 0.99922007322311401367 0.99948257207870483398 0.99967277050018310547 0.99980437755584716797 0.99989038705825805664 0.99994218349456787109 0.99997192621231079102 0.99998885393142700195 0.99999648332595825195 0.99999910593032836914 0.99999982118606567383 1 1 1 1 1 1 1
0.96930861473083496094 0.97013050317764282227 0.9709599614143371582 0.97184860706329345703 0.97285896539688110352 0.97411924600601196289 0.97552818059921264648 0.97695499658584594727 0.97837650775909423828 0.97973972558975219727 0.98109781742095947266 0.98253387212753295898 0.98405730724334716797 0.98558437824249267578 0.98711073398590087891 1 0.9900824427604675293 1 1 1 0.99494671821594238281 0.99595487117767333984 0.99683415889739990234 0.99758160114288330078 0.9981867671012878418 0.99867022037506103516 0.9990565180778503418 0.99935227632522583008 0.99957090616226196289 0.99973016977310180664 0.99983990192413330078 0.99991011619567871094 0.99995207786560058594 0.99997699260711669922 0.9999911189079284668 0.99999725818634033203 0.99999928474426269531 0.99999988079071044922 1 1 1 1 1 1 1
0.97332340478897094727 0.97408664226531982422 0.97484558820724487305 0.97564965486526489258 0.97659116983413696289 0.97767978906631469727 0.97888636589050292969 0.98013019561767578125 0.98138862848281860352 0.98263961076736450195 0.98393201828002929688 0.98526436090469360352 0.98663365840911865234 0.98796606063842773438 0.98927164077758789062 0.9905484318733215332 0.99177640676498413086 0.99289941787719726562 0.99391967058181762695 0.99487787485122680664 0.99578523635864257812 0.9966055750846862793 0.9973418116569519043 0.9979693293571472168 0.99847805500030517578 0.99888986349105834961 0.99921655654907226562 0.99946486949920654297 0.99965023994445800781 0.99978280067443847656 0.99987238645553588867 0.99992793798446655273 0.99996149539947509766 0.99998211860656738281 0.99999332427978515625 0.99999797344207763672 0.99999940395355224609 0.99999988079071044922 1 1 1 1 1 1 1
0.97664171457290649414 0.97734636068344116211 0.97802197933197021484 0.97874343395233154297 0.97959375381469726562 0.98055750131607055664 0.98161917924880981445 0.98274594545364379883 0.98392546176910400391 0.98514246940612792969 0.98637545108795166016 0.98761326074600219727 0.98883223533630371094 0.98998904228210449219 0.99111467599868774414 0.99221026897430419922 0.99324858188629150391 0.99418348073959350586 0.99501532316207885742 0.99579024314880371094 0.99653095006942749023 0.99720561504364013672 0.9978091120719909668 0.99831593036651611328 0.99873203039169311523 0.99907714128494262695 0.99935221672058105469 0.99956142902374267578 0.99971657991409301758 0.99982666969299316406 0.9998995661735534668 0.99994355440139770508 0.99997055530548095703 0.99998694658279418945 0.99999529123306274414 0.99999856948852539062 0.99999958276748657227 0.99999988079071044922 1 1 1 1 1 1 1
0.97913438081741333008 0.97980403900146484375 0.98045408725738525391 0.98117429018020629883 0.98193597793579101562 0.98278087377548217773 0.98375207185745239258 0.98482328653335571289 0.98597484827041625977 0.98713165521621704102 0.98830080032348632812 0.98946750164031982422 0.99057936668395996094 0.9916273951530456543 0.99264258146286010742 0.99361091852188110352 0.99449437856674194336 0.99526202678680419922 0.99593168497085571289 0.99657356739044189453 0.99717754125595092773 0.99772822856903076172 0.99819970130920410156 0.99860113859176635742 0.99894356727600097656 0.99923384189605712891 0.99946451187133789062 0.99964147806167602539 0.99977135658264160156 0.9998620152473449707 0.99992108345031738281 0.99995690584182739258 0.99997860193252563477 0.99999099969863891602 0.9999968409538269043 0.99999898672103881836 0.99999970197677612305 0.99999994039535522461 1 1 1 1 1 1 1
0.980998992919921875 0.98166710138320922852 0.98232609033584594727 0.98301136493682861328 0.98374348878860473633 0.98455983400344848633 0.98549169301986694336 0.98649108409881591797 0.98755401372909545898 0.98864889144897460938 0.98979389667510986328 0.99093383550643920898 0.99199783802032470703 0.99299794435501098633 0.99392497539520263672 0.99478209018707275391 0.99552994966506958008 0.99614477157592773438 0.99668580293655395508 0.99720442295074462891 0.99769222736358642578 0.9981365203857421875 0.99851894378662109375 0.99884295463562011719 0.99912202358245849609 0.99935853481292724609 0.99955338239669799805 0.99970495700836181641 0.99981540441513061523 0.99989068508148193359 0.99993878602981567383 0.99996787309646606445 0.99998497962951660156 0.99999409914016723633 0.99999797344207763672 0.99999928474426269531 0.99999976158142089844 0.99999994039535522461 1 1 1 1 1 1 1
0.98227798938751220703 0.98301863670349121094 0.9837048649787902832 0.98440402746200561523 0.98514902591705322266 0.98596709966659545898 0.98687988519668579102 0.9878476262092590332 0.98884475231170654297 0.98986476659774780273 1 0 0.99310255050659179688 0.99406743049621582031 0.99492657184600830078 0.99568438529968261719 0.99632364511489868164 0.99683737754821777344 0.9972807765007019043 0.99769544601440429688 0.99808913469314575195 0.99845260381698608398 0.99876701831817626953 0.99903506040573120117 0.99926584959030151367 0.99946343898773193359 0.99962604045867919922 0.99975430965423583984 0.99984949827194213867 0.99991381168365478516 0.99995332956314086914 0.99997633695602416992 0.99998968839645385742 0.999996185302734375 0.99999868869781494141 0.99999952316284179688 0.99999988079071044922 1 1 1 1 1 1 1 1
0.98305165767669677734 0.98385453224182128906 0.98460400104522705078 0.98536050319671630859 0.98618590831756591797 0.98702722787857055664 0.98791563510894775391 0.98882961273193359375 0.98976022005081176758 0.99075049161911010742 0.99180078506469726562 0 0.99388343095779418945 0.99482381343841552734 0.99564862251281738281 0.9963397979736328125 0.99689871072769165039 0.99734759330749511719 0.99772179126739501953 0.9980608820915222168 0.99838441610336303711 0.99868828058242797852 0.99895781278610229492 0.9991862177848815918 0.99938303232192993164 0.99954915046691894531 0.99968683719635009766 0.99979496002197265625 0.99987643957138061523 0.99993115663528442383 0.99996417760848999023 0.99998277425765991211 0.99999290704727172852 0.99999737739562988281 0.99999910593032836914 0.99999970197677612305 0.99999994039535522461 1 1 1 1 1 1 1 1
0.98332893848419189453 0.9841734766960144043 0.98502075672149658203 0.98588484525680541992 0.98678708076477050781 0.98768788576126098633 0.98860651254653930664 0.98951953649520874023 0.99042409658432006836 0.99138844013214111328 0.99240165948867797852 0 0.99440026283264160156 0.99530416727066040039 0.99609923362731933594 0.99675971269607543945 0.99728351831436157227 0.99769437313079833984 0.99803876876831054688 0.99833703041076660156 0.99861454963684082031 0.99887251853942871094 0.9991028904914855957 0.99930244684219360352 0.99947446584701538086 0.99961948394775390625 0.99973750114440917969 0.99982988834381103516 0.99989753961563110352 0.99994331598281860352 0.99997180700302124023 0.9999873042106628418 0.99999487400054931641 0.9999980926513671875 0.9999993443489074707 0.99999982118606567383 0.99999994039535522461 1 1 1 1 1 1 1 1
0.98309046030044555664 0.98400664329528808594 0.98497617244720458984 0.98595607280731201172 0.98691797256469726562 0.98792374134063720703 0.98895400762557983398 0.9899432063102722168 0.99088519811630249023 0.99184274673461914062 0.99282425642013549805 0.99381721019744873047 0.99477118253707885742 0.99562907218933105469 0.99638199806213378906 0.99700975418090820312 0.99751591682434082031 0.99792712926864624023 0.99826341867446899414 0.99854505062103271484 0.99879360198974609375 0.99901574850082397461 0.99921768903732299805 0.99939584732055664062 0.99954736232757568359 0.99967527389526367188 0.99977880716323852539 0.99985778331756591797 0.99991363286972045898 0.99995213747024536133 0.99997681379318237305 0.99998998641967773438 0.99999600648880004883 0.99999850988388061523 0.99999952316284179688 0.99999988079071044922 1 1 1 1 1 1 1 1 1
0.98247045278549194336 0.98349499702453613281 0.98453736305236816406 0.98559880256652832031 0.98668670654296875 0.98779690265655517578 0.98891317844390869141 0.99000084400177001953 0.99104380607604980469 0.99204373359680175781 0.99305129051208496094 0.994045257568359375 0.99498897790908813477 0.99583202600479125977 0.99655324220657348633 0.99715691804885864258 0.99766063690185546875 0.99808108806610107422 0.99841994047164916992 0.99869197607040405273 0.99892133474349975586 0.99912625551223754883 0.99931162595748901367 0.99947249889373779297 0.99960619211196899414 0.99971884489059448242 0.99980831146240234375 0.99987685680389404297 0.99992567300796508789 0.99995893239974975586 0.99997979402542114258 0.99999123811721801758 0.99999660253524780273 0.9999987483024597168 0.99999970197677612305 0.99999994039535522461 1 1 1 1 1 1 1 1 1
1 0.9826075434684753418 0.98371028900146484375 0.98485964536666870117 0.9860553741455078125 0.98725050687789916992 0.98846226930618286133 0.98965948820114135742 0.99083638191223144531 0.99194550514221191406 0.99301075935363769531 0.99404162168502807617 0.99501448869705200195 0.99587875604629516602 0.99660962820053100586 0.99722117185592651367 0.99773645401000976562 0.99817162752151489258 0.99851620197296142578 0.99878424406051635742 0.99900376796722412109 0.99920386075973510742 0.99938309192657470703 0.99953198432922363281 0.99965226650238037109 0.99975061416625976562 0.99982929229736328125 0.99988919496536254883 0.99993360042572021484 0.99996328353881835938 0.99998164176940917969 0.99999183416366577148 0.99999678134918212891 0.99999898672103881836 0.99999976158142089844 1 1 1 1 1 1 1 1 1 1
0.98032486438751220703 0.98154687881469726562 1 1 0.98515456914901733398 0.98639607429504394531 0.98765647411346435547 0.98896116018295288086 0.99027031660079956055 0.99152255058288574219 0.99269467592239379883 0.99380695819854736328 0.99484413862228393555 0.99576741456985473633 0.99653911590576171875 0.99718469381332397461 0.99773937463760375977 0.99820041656494140625 0.99855810403823852539 0.99883228540420532227 0.99905323982238769531 0.99925303459167480469 0.99942886829376220703 0.99957364797592163086 0.99968504905700683594 0.99977338314056396484 0.99984341859817504883 0.99989712238311767578 0.99993765354156494141 0.999965667724609375 0.99998253583908081055 0.99999201297760009766 0.99999690055847167969 0.99999910593032836914 0.99999982118606567383 1 1 1 1 1 1 1 1 1 1
0.97903996706008911133 0.98035335540771484375 0.98163574934005737305 1 0.98411715030670166016 0.98537337779998779297 0.98669070005416870117 0.9880847930908203125 0.98948979377746582031 0.99084991216659545898 0.99214357137680053711 0.99337166547775268555 0.99450892210006713867 0.99551558494567871094 0.99635660648345947266 0.99707400798797607422 0.9976819157600402832 0.99817752838134765625 0.99856245517730712891 0.99885511398315429688 0.99907958507537841797 0.99927788972854614258 0.99945360422134399414 0.99959707260131835938 0.99970573186874389648 0.99978888034820556641 0.99985408782958984375 0.99990320205688476562 0.99994003772735595703 0.99996602535247802734 0.99998241662979125977 0.99999207258224487305 0.99999696016311645508 0.99999910593032836914 0.99999982118606567383 1 1 1 1 1 1 1 1 1 1
0.97767299413681030273 0.97904717922210693359 0.98037767410278320312 0.98165941238403320312 0.98293042182922363281 0.98425394296646118164 0.98567110300064086914 0.98715287446975708008 0.98865687847137451172 0.99012178182601928711 0.99153196811676025391 0.99287372827529907227 0.99411225318908691406 0.99521815776824951172 0.99614274501800537109 0.99692648649215698242 0.99758249521255493164 0.99811917543411254883 0.99853473901748657227 0.99884957075119018555 0.99908459186553955078 0.99928581714630126953 0.99946391582489013672 0.99960893392562866211 0.99971884489059448242 0.99980056285858154297 0.99986177682876586914 0.9999071955680847168 0.99994099140167236328 0.99996513128280639648 0.99998193979263305664 0.99999195337295532227 0.99999696016311645508 0.99999898672103881836 0.99999976158142089844 0.99999994039535522461 1 1 1 1 1 1 1 1 1
0.97633510828018188477 0.97765111923217773438 0.97892808914184570312 0.9802138209342956543 0.98157304525375366211 0.98305594921112060547 0.98461621999740600586 0.98623728752136230469 0.98787021636962890625 0.98943686485290527344 0.99093395471572875977 0.99236589670181274414 0.99369245767593383789 0.99489325284957885742 0.99590677022933959961 0.99675250053405761719 0.99746161699295043945 0.9980437159538269043 0.99849283695220947266 0.99883049726486206055 0.99907898902893066406 0.9992859959602355957 0.99946725368499755859 0.99961477518081665039 0.99972575902938842773 0.9998061060905456543 0.99986547231674194336 0.99990934133529663086 0.99994111061096191406 0.99996471405029296875 0.99998122453689575195 0.99999153614044189453 0.99999672174453735352 0.99999880790710449219 0.99999964237213134766 0.99999994039535522461 1 1 1 1 1 1 1 1 1
0.97505497932434082031 0.97625911235809326172 0.97747719287872314453 0.97878146171569824219 0.9802506566047668457 0.98187083005905151367 0.98358750343322753906 0.98536008596420288086 0.98713546991348266602 0.98879772424697875977 0.99034571647644042969 0.99181717634201049805 0.99321925640106201172 0.99451756477355957031 0.99562734365463256836 0.99655920267105102539 0.9973303675651550293 0.9979565739631652832 0.9984423518180847168 0.99880415201187133789 0.99906951189041137695 0.99928170442581176758 0.99946200847625732422 0.99961018562316894531 0.99972391128540039062 0.99980759620666503906 0.99986696243286132812 0.99991083145141601562 0.9999415278434753418 0.99996417760848999023 0.9999802708625793457 0.99999052286148071289 0.999996185302734375 0.99999856948852539062 0.99999946355819702148 0.99999988079071044922 1 1 1 1 1 1 1 1 1
