01_EFForTS-ABM/tests_integration/02_integrationtest/integrationtest01/output/quality_c_integrationtest01.asc
ncols        100
nrows        100
xllcorner    212461.033820999990
yllcorner    9753254.946558000520
cellsize     50.000000000000
NODATA_value  -3.4028234663852885981e+38
[rows 80 to 99 of 100, columns 45 to 89 of 100]
1 0.97502905130386352539 0.97621077299118041992 0.97755634784698486328 0.97908174991607666016 0.98078233003616333008 0.98260831832885742188 0.98449939489364624023 0.98639303445816040039 0.9881591796875 0.98977422714233398438 0.99130362272262573242 1 1 1 0.99636572599411010742 0.99719208478927612305 0.99785584211349487305 0.998378753662109375 0.99876767396926879883 0.99905127286911010742 0.99926954507827758789 0.99945110082626342773 0.99960112571716308594 0.99971902370452880859 0.99980771541595458984 0.99986803531646728516 0.99991184473037719727 0.99994146823883056641 0.99996316432952880859 0.99997866153717041016 0.99998909235000610352 0.99999535083770751953 0.99999821186065673828 0.9999993443489074707 0.99999982118606567383 1 1 1 1 1 1 1 1 1
1 0.9740765690803527832 0.97518724203109741211 0.97652840614318847656 0.97808498144149780273 1 0.98169797658920288086 1 0.98566436767578125 0.98751729726791381836 0.98922550678253173828 0.99085128307342529297 1 1 1 0.99620473384857177734 1 1 1 0.99872869253158569336 0.99903053045272827148 0.99925798177719116211 0.99944287538528442383 0.99959403276443481445 0.999713897705078125 0.99980598688125610352 0.99986785650253295898 0.99991047382354736328 0.99993991851806640625 0.99996101856231689453 0.9999764561653137207 0.99998742341995239258 0.99999445676803588867 0.99999791383743286133 0.99999922513961791992 0.99999976158142089844 0.99999994039535522461 1 1 1 1 1 1 1 1
1 0.97347474098205566406 0.97446793317794799805 0.97574782371520996094 0.97726279497146606445 1 1 1 0.98505377769470214844 0.98700350522994995117 0.98881334066390991211 0.99052530527114868164 1 1 1 0.9960950016975402832 1 1 1 0.99869972467422485352 0.9990183711051940918 0.9992523193359375 0.99943721294403076172 0.99958652257919311523 0.99970757961273193359 0.99980026483535766602 0.99986296892166137695 0.99990695714950561523 0.99993675947189331055 0.99995851516723632812 0.9999745488166809082 0.99998617172241210938 0.99999374151229858398 0.99999761581420898438 0.99999916553497314453 0.99999970197677612305 0.99999994039535522461 1 1 1 1 1 1 1 1
1 0.97324454784393310547 0.97412103414535522461 0.97532153129577636719 0.9767844080924987793 1 0.98043906688690185547 0.9825229644775390625 0.98463308811187744141 0.98663187026977539062 0.98851031064987182617 0.99029827117919921875 0.99199765920639038086 0.99354702234268188477 0.99488914012908935547 0.99602162837982177734 0.99692958593368530273 0.99765604734420776367 0.99822950363159179688 0.99867081642150878906 0.99900263547897338867 0.99924290180206298828 0.99942809343338012695 0.99957680702209472656 0.99969893693923950195 0.99979150295257568359 0.99985557794570922852 0.99990200996398925781 0.9999338984489440918 0.99995690584182739258 0.99997347593307495117 0.99998551607131958008 0.99999332427978515625 0.99999737739562988281 0.99999910593032836914 0.99999970197677612305 0.99999994039535522461 1 1 1 1 1 1 1 1
1 0.97340589761734008789 0.97416234016418457031 0.97528129816055297852 0.97668927907943725586 1 0.98032838106155395508 0.98242098093032836914 0.98451817035675048828 0.98651307821273803711 0.98841267824172973633 0 0.99194949865341186523 0.99350708723068237305 0.99485152959823608398 0.99598455429077148438 0.99689066410064697266 0.99761778116226196289 0.99819254875183105469 0.99864345788955688477 0.99898672103881835938 0.99923282861709594727 0.99941855669021606445 0.99956750869750976562 0.99969017505645751953 0.9997838139533996582 0.99985003471374511719 0.99989831447601318359 0.99993240833282470703 0.99995642900466918945 0.999973297119140625 0.9999853968620300293 0.99999320507049560547 0.99999725818634033203 0.99999904632568359375 0.99999970197677612305 0.99999994039535522461 1 1 1 1 1 1 1 1
1 1 1 0.97565972805023193359 1 1 0.98060619831085205078 0.98266518115997314453 0.98471564054489135742 0.98667669296264648438 0.98855936527252197266 0 0.99205261468887329102 0.99357736110687255859 0.99489247798919677734 0.99599754810333251953 1 1 1 0.99862992763519287109 0.99897950887680053711 0.99923115968704223633 0.99941855669021606445 0.99956542253494262695 0.99968850612640380859 0.99978184700012207031 0.99984830617904663086 0.99989718198776245117 0.99993222951889038086 0.99995714426040649414 0.99997407197952270508 0.99998587369918823242 0.99999338388442993164 0.99999731779098510742 0.99999904632568359375 0.99999970197677612305 0.99999994039535522461 1 1 1 1 1 1 1 1
0 1 1 0.9765262603759765625 1 1 1 0.98325043916702270508 0.98521286249160766602 0.98711276054382324219 0.988948822021484375 0 1 1 1 0.99610179662704467773 0.99695640802383422852 1 0.99820411205291748047 0.99865394830703735352 0.99899762868881225586 0.99924647808074951172 0.9994309544563293457 0.99957460165023803711 0.99969536066055297852 0.9997857213020324707 0.99985092878341674805 0.99989897012710571289 0.9999338984489440918 0.99995899200439453125 0.99997568130493164062 0.99998694658279418945 0.99999386072158813477 0.99999749660491943359 0.99999910593032836914 0.99999976158142089844 0.99999994039535522461 1 1 1 1 1 1 1 1
0.97647827863693237305 0 0.97693979740142822266 0 1 0.9806060791015625 0.98233687877655029297 0.98416107892990112305 0.98599147796630859375 0.98779916763305664062 0.98955929279327392578 0.99123615026473999023 0.99278044700622558594 0.99414628744125366211 0.99530684947967529297 0.99628901481628417969 0.99709248542785644531 1 0.99828422069549560547 0.99871063232421875 0.99903577566146850586 0.99927741289138793945 0.99945724010467529297 0.99959474802017211914 0.99971026182174682617 0.99979519844055175781 0.99985754489898681641 0.99990361928939819336 0.99993747472763061523 0.99996179342269897461 0.99997806549072265625 0.99998837709426879883 0.99999457597732543945 0.99999773502349853516 0.99999922513961791992 0.99999982118606567383 1 1 1 1 1 1 1 1 1
1 1 1 0.97951376438140869141 0 0.98211789131164550781 0.98368930816650390625 0.98533713817596435547 0.98701512813568115234 0.98870366811752319336 0 0.99193269014358520508 0.99336224794387817383 0.99460339546203613281 1 1 0.99728852510452270508 0.99790072441101074219 0.99839603900909423828 0.99878913164138793945 0.99909359216690063477 0.99932420253753662109 0.99949544668197631836 0.9996242523193359375 0.99973154067993164062 0.99980956315994262695 0.99986743927001953125 0.99991071224212646484 0.99994271993637084961 0.99996554851531982422 0.999980926513671875 0.99999004602432250977 0.99999535083770751953 0.9999980926513671875 0.9999993443489074707 0.99999988079071044922 1 1 1 1 1 1 1 1 1
1 1 1 0.98145598173141479492 0.98256516456604003906 0.98386323451995849609 0.98526465892791748047 1 1 1 1 0 0.99402350187301635742 0.99512708187103271484 0.99605405330657958984 1 0.9975255131721496582 0.99808490276336669922 0.99853301048278808594 0.99888843297958374023 0.99917018413543701172 0.99938452243804931641 0.99954307079315185547 0.99966126680374145508 0.99975764751434326172 0.99982750415802001953 0.99987977743148803711 0.99991983175277709961 0.99994933605194091797 0.9999701380729675293 0.99998402595520019531 0.99999183416366577148 0.99999624490737915039 0.99999845027923583984 0.99999952316284179688 0.99999994039535522461 1 1 1 1 1 1 1 1 1
1 1 1 0.98362010717391967773 0.98462957143783569336 0.98578244447708129883 0.9870179295539855957 1 1 1 1 0.99361246824264526367 0.99472159147262573242 0.99567937850952148438 0.99649548530578613281 1 0.99779438972473144531 0.9982903599739074707 0.99868565797805786133 0.9990050196647644043 0.99926048517227172852 0.999454498291015625 0.99959731101989746094 0.99970322847366333008 0.9997870326042175293 0.99984800815582275391 0.99989420175552368164 0.99993038177490234375 0.99995684623718261719 0.99997526407241821289 0.99998712539672851562 0.99999356269836425781 0.99999701976776123047 0.99999880790710449219 0.99999970197677612305 0.99999994039535522461 1 1 1 1 1 1 1 1 1
1 1 1 0.9859263300895690918 0.98680627346038818359 0.98780339956283569336 0.98889040946960449219 0.99002736806869506836 0.991184234619140625 0.99233889579772949219 0.99345725774765014648 0.99449706077575683594 0.99542820453643798828 0.99624955654144287109 0.99695825576782226562 0.99756217002868652344 0.99807846546173095703 0.99850547313690185547 0.99884933233261108398 0.99913239479064941406 0.99935936927795410156 0.99953025579452514648 0.99965524673461914062 0.99974715709686279297 0.99981790781021118164 0.99986970424652099609 0.99990993738174438477 0.99994182586669921875 0.99996477365493774414 0.99998044967651367188 0.99999004602432250977 0.99999517202377319336 0.99999779462814331055 0.99999922513961791992 0.99999982118606567383 1 1 1 1 1 1 1 1 1 1
1 1 1 0.98827260732650756836 0.9889996647834777832 0.98984599113464355469 0.99076819419860839844 0.9917157292366027832 0.99266332387924194336 0.99360203742980957031 0.99450445175170898438 0.99534869194030761719 0 0.99681234359741210938 0.99741029739379882812 0.99792343378067016602 0.99836206436157226562 0.99872291088104248047 0.99901843070983886719 0.99926424026489257812 0.99946105480194091797 0.99960738420486450195 0.99971354007720947266 0.99979066848754882812 0.99984818696975708008 0.99989163875579833984 0.99992620944976806641 0.99995338916778564453 0.99997270107269287109 0.99998527765274047852 0.99999260902404785156 0.99999654293060302734 0.99999850988388061523 0.99999952316284179688 0.99999988079071044922 1 1 1 1 1 1 1 1 1 1
1 1 1 0.9905516505241394043 0.99112284183502197266 0.99179887771606445312 0.99252426624298095703 0.99326360225677490234 0.99400955438613891602 0.99475246667861938477 0.99546867609024047852 0.99614536762237548828 0.99677664041519165039 0.99734294414520263672 0.99783957004547119141 0.99826812744140625 0.99863320589065551758 0.99893575906753540039 0.99918615818023681641 0.99939572811126708984 0.99956089258193969727 0.99968242645263671875 0.99976933002471923828 0.9998314976692199707 0.99987685680389404297 0.99991309642791748047 0.99994218349456787109 0.99996459484100341797 0.99997991323471069336 0.99998939037322998047 0.99999475479125976562 0.99999761581420898438 0.99999904632568359375 0.99999976158142089844 0.99999994039535522461 1 1 1 1 1 1 1 1 1 1
0.99223738908767700195 0.99220633506774902344 0.99234479665756225586 0.99263274669647216797 0.99304562807083129883 0.99353963136672973633 0.99407410621643066406 0.99463194608688354492 0.99520969390869140625 0.99578279256820678711 0 1 0.99737221002578735352 0.99783301353454589844 0.9982395172119140625 0.99859029054641723633 0.99888777732849121094 0.99913793802261352539 0.99934655427932739258 0.99952155351638793945 0.99965548515319824219 0.99975186586380004883 0.99982059001922607422 0.99986761808395385742 0.99990367889404296875 0.99993330240249633789 0.99995708465576171875 0.9999745488166809082 0.99998593330383300781 0.99999266862869262695 0.99999648332595825195 0.99999856948852539062 0.99999946355819702148 0.99999988079071044922 1 1 1 1 1 1 1 1 1 1 1
0.99417465925216674805 0.99413645267486572266 0.99421614408493041992 0.99441128969192504883 0.9946905970573425293 0.99502706527709960938 0.99540168046951293945 0.99581313133239746094 0.99624323844909667969 0.99667388200759887695 0.99709552526473999023 1 0.99791067838668823242 0.99827975034713745117 0.99860423803329467773 0.99888348579406738281 0.99912220239639282227 0.9993254542350769043 0.99949508905410766602 0.99963605403900146484 0.99973952770233154297 0.99981367588043212891 0.99986398220062255859 0.99989926815032958984 0.99992805719375610352 0.99995160102844238281 0.99997001886367797852 0.99998271465301513672 0.99999058246612548828 0.99999523162841796875 0.99999779462814331055 0.99999922513961791992 0.99999976158142089844 0.99999994039535522461 1 1 1 1 1 1 1 1 1 1 1
0.9957091212272644043 0.99567151069641113281 0.99572175741195678711 0.9958477020263671875 0.99602907896041870117 0.99625021219253540039 0.99651104211807250977 0.99680566787719726562 0.99711787700653076172 0.99743807315826416016 0.99776154756546020508 0.99808424711227416992 0.998394012451171875 0.99867671728134155273 0.99892628192901611328 0.99914371967315673828 0.99933272600173950195 0.99949365854263305664 0.9996280670166015625 0.99973475933074951172 0.99981153011322021484 0.99986475706100463867 0.99990028142929077148 0.99992698431015014648 0.99994921684265136719 0.99996697902679443359 0.99998021125793457031 0.99998873472213745117 0.99999403953552246094 0.99999713897705078125 0.99999880790710449219 0.99999958276748657227 0.99999988079071044922 1 1 1 1 1 1 1 1 1 1 1 1
0.99689555168151855469 0.99687206745147705078 0.99690222740173339844 0.99697601795196533203 0.9970906376838684082 0.99724161624908447266 0.99742197990417480469 0.99762570858001708984 0.99784922599792480469 0.99808603525161743164 0.99833160638809204102 0.99857550859451293945 0.9988066554069519043 0.99901640415191650391 0.9992020726203918457 0.99936914443969726562 0.99951577186584472656 0.99963927268981933594 0.99974006414413452148 0.99981629848480224609 0.99986952543258666992 0.99990546703338623047 0.99993032217025756836 0.99995011091232299805 0.99996620416641235352 0.99997872114181518555 0.99998748302459716797 0.99999308586120605469 0.99999654293060302734 0.99999845027923583984 0.99999940395355224609 0.99999982118606567383 0.99999994039535522461 1 1 1 1 1 1 1 1 1 1 1 1
0.99780219793319702148 0.99778604507446289062 0.99779862165451049805 0.99784016609191894531 0.99791646003723144531 0.99802261590957641602 0.99814856052398681641 0.99829119443893432617 0.9984505772590637207 0.99862277507781982422 0.9988028407096862793 0.99898093938827514648 0.99914699792861938477 0.99929696321487426758 0.99943375587463378906 0.99955934286117553711 0.99966794252395629883 0.99975752830505371094 0.99982821941375732422 0.99987882375717163086 0.99991369247436523438 0.99993729591369628906 0.99995416402816772461 0.99996769428253173828 0.99997872114181518555 0.99998700618743896484 0.99999260902404785156 0.99999612569808959961 0.99999821186065673828 0.99999922513961791992 0.99999970197677612305 0.99999994039535522461 1 1 1 1 1 1 1 1 1 1 1 1 1
0.99848270416259765625 0.99845868349075317383 0.99846065044403076172 0.99848836660385131836 0.99853992462158203125 0.99861246347427368164 0.99870437383651733398 0.99881058931350708008 0.99892747402191162109 0.99905294179916381836 0.99918103218078613281 0.99930369853973388672 0.99941754341125488281 0.99952226877212524414 0.99962264299392700195 0.99971181154251098633 0.99978744983673095703 0.99984711408615112305 0.99989277124404907227 0.99992454051971435547 0.9999459385871887207 0.99996030330657958984 0.99997115135192871094 0.99998021125793457031 0.99998736381530761719 0.99999260902404785156 0.99999600648880004883 0.99999803304672241211 0.99999904632568359375 0.99999964237213134766 0.99999988079071044922 1 1 1 1 1 1 1 1 1 1 1 1 1 1
