01_EFForTS-ABM/tests_integration/02_integrationtest/integrationtest01/output/quality_c_integrationtest01.asc
ncols        100
nrows        100
xllcorner    212461.033820999990
yllcorner    9753254.946558000520
cellsize     50.000000000000
NODATA_value  -3.4028234663852885981e+38
[rows 20 to 39 of 100, columns 45 to 89 of 100]
0.99839931726455688477 0.99835103750228881836 0.9983412623405456543 0.99837481975555419922 0.99844706058502197266 0.99855077266693115234 0.99867844581604003906 0.99882185459136962891 0.99897253513336181641 0.99912309646606445312 0.99927115440368652344 0.99941074848175048828 0.99953693151473999023 0.99964314699172973633 0.99972921609878540039 0.99979990720748901367 0.99985659122467041016 0.99990034103393554688 0.99993163347244262695 0.99995303153991699219 0.99996739625930786133 0.99997758865356445312 0.99998402595520019531 0.99998754262924194336 0.99998891353607177734 0.99998861551284790039 0.99998724460601806641 0.99998497962951660156 0.99998253583908081055 0.99997991323471069336 0.99997717142105102539 0.99997448921203613281 0.99997192621231079102 0.99996918439865112305 0.99996697902679443359 0.99996495246887207031 0.99996179342269897461 0.99995726346969604492 0.99995183944702148438 0.99994695186614990234 0.99994260072708129883 0.99993872642517089844 0.99993550777435302734 0.99993318319320678711 0.99993228912353515625
0.99782872200012207031 0.99775981903076171875 0.99775034189224243164 0.99780011177062988281 0.99790233373641967773 0.99804973602294921875 0.99822986125946044922 0.99842935800552368164 0.99863451719284057617 0.99883544445037841797 0.99902713298797607422 0.9992077946662902832 0.99936926364898681641 0.99950772523880004883 0.99962198734283447266 0.99971562623977661133 0.99979269504547119141 0.99985295534133911133 0.99989867210388183594 0.99992918968200683594 0.99994885921478271484 0.99996364116668701172 0.99997299909591674805 0.99997794628143310547 0.99997925758361816406 0.99997818470001220703 0.99997591972351074219 0.99997234344482421875 0.99996799230575561523 0.99996381998062133789 0.99996000528335571289 0.99995666742324829102 0.99995350837707519531 0.99995034933090209961 0.99994647502899169922 0.99994063377380371094 0.99993228912353515625 0.99992173910140991211 0.9999116063117980957 0.99990230798721313477 0.99989408254623413086 0.99988830089569091797 0.99988514184951782227 0.99988377094268798828 0.99988353252410888672
0.99712693691253662109 0.99703949689865112305 0.99703246355056762695 0.9971053004264831543 0.99725073575973510742 0.99745458364486694336 0.99769562482833862305 0.99795919656753540039 0.99823051691055297852 0.99849647283554077148 0.99874550104141235352 0.99896973371505737305 0.99916738271713256836 0.99933934211730957031 0.99948859214782714844 0.99961352348327636719 0.99971479177474975586 0.99979448318481445312 0.99985450506210327148 0.99989604949951171875 0.99992477893829345703 0.9999446868896484375 0.9999573826789855957 0.99996352195739746094 0.99996417760848999023 0.99996221065521240234 0.99995881319046020508 0.99995368719100952148 0.99994766712188720703 0.99994170665740966797 0.99993693828582763672 0.99993276596069335938 0.99992895126342773438 0.99992471933364868164 0.99991697072982788086 0.9999039769172668457 0.99988716840744018555 0.99987030029296875 0.99985456466674804688 0.99983948469161987305 0.99982720613479614258 0.99981915950775146484 0.99981576204299926758 0.99981611967086791992 0.9998181462287902832
0.99629122018814086914 0.99619668722152709961 0.99620139598846435547 0.99630391597747802734 0.99649733304977416992 0.99676740169525146484 0.99708497524261474609 0.99742281436920166016 0.99776667356491088867 0.9981034398078918457 0.99842023849487304688 0.99869829416275024414 0.99893450736999511719 0.99914467334747314453 0.99933129549026489258 0.99949193000793457031 0.99962377548217773438 0.99972498416900634766 0.99980074167251586914 0.99985551834106445312 0.99989277124404907227 0.99991869926452636719 0.99993550777435302734 0.99994307756423950195 0.99994379281997680664 0.9999402165412902832 0.99993497133255004883 0.99992859363555908203 0.99992126226425170898 0.99991387128829956055 0.99990731477737426758 0.99990212917327880859 0.99989688396453857422 0.99988913536071777344 0.99987423419952392578 0.99985110759735107422 0.99982607364654541016 0.99980241060256958008 0.99977910518646240234 0.99975788593292236328 0.99974161386489868164 0.9997310638427734375 0.99972665309906005859 0.9997285008430480957 0.99973428249359130859
0.99531775712966918945 1 1 1 1 0.99599701166152954102 0.99639612436294555664 0.9968159794807434082 0.9972394108772277832 0.99765264987945556641 0.9980366826057434082 0.9983755946159362793 0.99866616725921630859 0.99892199039459228516 0.99914944171905517578 0.99934756755828857422 0.99951446056365966797 0.99964201450347900391 0.99973684549331665039 0.99980789422988891602 0.99985367059707641602 0.99988454580307006836 0.99990516901016235352 0.99991565942764282227 0.99991738796234130859 0.99991166591644287109 0.99990475177764892578 0.99989706277847290039 0.99988853931427001953 0.99987995624542236328 0.99987179040908813477 0.99986410140991210938 0.99985522031784057617 0.99984037876129150391 0.99981552362442016602 0.99978297948837280273 0.99974983930587768555 0.99971687793731689453 0.99968492984771728516 0.99965780973434448242 0.99963712692260742188 0.99962383508682250977 0.99961835145950317383 0.99962073564529418945 0.99963021278381347656
1 1 1 1 1 0.99511867761611938477 0.99560749530792236328 0.99611234664916992188 0.99662935733795166016 0.99713331460952758789 0.99759173393249511719 0.99799895286560058594 0.9983584284782409668 0.9986712336540222168 0.99894636869430541992 0.99918419122695922852 0.99938547611236572266 0.99954122304916381836 0.99966019392013549805 0.99974876642227172852 0.99980628490447998047 0.99984323978424072266 0.99986672401428222656 0.99988037347793579102 0.99988377094268798828 0.99987715482711791992 0.9998690485954284668 0.99985975027084350586 0.99984967708587646484 0.99983990192413330078 0.99982964992523193359 0.99981743097305297852 0.99980187416076660156 0.99977707862854003906 0.99974131584167480469 0.9997012019157409668 0.99965780973434448242 0.99961376190185546875 0.99957323074340820312 0.99953955411911010742 0.99951422214508056641 0.99949800968170166016 0.99949145317077636719 0.9994945526123046875 0.99950706958770751953
1 0.99289089441299438477 1 1 1 0.99408692121505737305 0.99467682838439941406 0.9952958226203918457 0.99592179059982299805 0.99652910232543945312 0.9970805048942565918 0.99757677316665649414 0.99801993370056152344 0.99840134382247924805 0.99872809648513793945 0.99901092052459716797 0.99924552440643310547 0.99942946434020996094 0.99957114458084106445 0.9996764063835144043 0.99974858760833740234 0.99979370832443237305 0.9998213648796081543 0.99983680248260498047 0.99984276294708251953 0.99983727931976318359 0.99982887506484985352 0.99981784820556640625 0.99980586767196655273 0.99979352951049804688 0.99978011846542358398 0.99976122379302978516 0.9997355341911315918 0.99969851970672607422 0.99965405464172363281 0.99960505962371826172 0.99955004453659057617 0.99949425458908081055 0.99944484233856201172 0.99940419197082519531 0.99937385320663452148 0.99935472011566162109 0.99934726953506469727 0.99935138225555419922 0.99936658143997192383
1 0.99152022600173950195 0.99158191680908203125 0.99183869361877441406 1 0.99288910627365112305 0.99359434843063354492 0.99434608221054077148 0.99510669708251953125 0.99582785367965698242 0.99648976325988769531 0.99709314107894897461 0.99763590097427368164 0.99810051918029785156 0.99849402904510498047 0.99882870912551879883 0.99909985065460205078 0.99931275844573974609 0.99947589635848999023 0.99959665536880493164 0.99968242645263671875 0.99973541498184204102 0.99976766109466552734 0.99978566169738769531 0.99979472160339355469 0.99979221820831298828 0.99978440999984741211 0.9997723698616027832 0.99975812435150146484 0.99974137544631958008 0.99972259998321533203 0.99969565868377685547 0.99965685606002807617 0.99960869550704956055 0.99955528974533081055 0.99949532747268676758 0.99942779541015625 0.99936032295227050781 0.99930131435394287109 0.99925321340560913086 0.99921780824661254883 0.99919605255126953125 0.99918806552886962891 0.99919354915618896484 0.99921172857284545898
0.99009299278259277344 0.98992758989334106445 0.98998481035232543945 0.99027001857757568359 0.99077486991882324219 0.99147725105285644531 0.99231433868408203125 0.99322551488876342773 0.99415308237075805664 0.99502551555633544922 0.99581617116928100586 0.99654662609100341797 0.99719953536987304688 0.99776411056518554688 0.99823462963104248047 0.99862813949584960938 0.99894601106643676758 0.99919158220291137695 0.99937748908996582031 0.9995148777961730957 0.99961197376251220703 0.99967253208160400391 0.99970835447311401367 0.99972897768020629883 0.99974089860916137695 0.99974131584167480469 0.99973577260971069336 0.9997240900993347168 0.99970716238021850586 0.99968415498733520508 0.99965804815292358398 0.999622344970703125 0.99957031011581420898 0.99951028823852539062 0.99944680929183959961 0.99937516450881958008 0.99929404258728027344 0.99921429157257080078 0.99914497137069702148 0.99908906221389770508 0.99904876947402954102 0.99902480840682983398 0.9990170598030090332 0.99902456998825073242 0.99904614686965942383
0.98821783065795898438 0.98806583881378173828 0.98816156387329101562 0.98850041627883911133 0.98907303810119628906 0 1 1 1 0.99410545825958251953 0.99505090713500976562 0.99591070413589477539 0.99668633937835693359 0.99736452102661132812 0.99792909622192382812 0.99839192628860473633 0.99876809120178222656 0.99905657768249511719 0.99927151203155517578 0.9994322657585144043 0.99954211711883544922 0.99960857629776000977 0.99964773654937744141 0.99967169761657714844 0.99968379735946655273 0.99968558549880981445 0.99968308210372924805 0.99967336654663085938 0.99965399503707885742 0.99962365627288818359 0.99958831071853637695 0.99954247474670410156 0.99947917461395263672 0.99940639734268188477 0.99933087825775146484 0.99924713373184204102 0.99915236234664916992 0.99905931949615478516 0.99897885322570800781 0.99891489744186401367 0.99887013435363769531 0.99884516000747680664 0.99883878231048583984 0.9988492131233215332 0.998874664306640625
0.98598086833953857422 0 0 0.98652106523513793945 1 1 1 1 1 0.99303281307220458984 0.99415993690490722656 0.99516952037811279297 0.99607449769973754883 0.99687314033508300781 0.99754655361175537109 0.99809443950653076172 0.99853926897048950195 0.99888843297958374023 0.9991480708122253418 0.99933922290802001953 0.99946612119674682617 0.99954128265380859375 0.99958598613739013672 0.99961590766906738281 0.99962842464447021484 0.99962949752807617188 0.99962675571441650391 0.9996197819709777832 0.99959903955459594727 0.99956232309341430664 0.99951684474945068359 0.99946063756942749023 0.99938786029815673828 0.999301910400390625 0.99921268224716186523 0.99911576509475708008 0.99900722503662109375 0.99889993667602539062 0.99880731105804443359 0.99873501062393188477 0.99868679046630859375 0.99866265058517456055 0.99865949153900146484 0.99867397546768188477 0.9987036585807800293
1 1 0.98377895355224609375 0 1 1 0.98753094673156738281 0.98895984888076782227 0.99041575193405151367 0.9918072819709777832 0.99310922622680664062 0.99429363012313842773 0.99534893035888671875 0.99628245830535888672 0.99708569049835205078 1 1 0.99867111444473266602 0.99899005889892578125 0.99922239780426025391 0.9993762969970703125 0.99946832656860351562 0.99952071905136108398 0.99955618381500244141 0.99957221746444702148 0.99957573413848876953 0.99957174062728881836 0.99956363439559936523 0.99954247474670410156 0.99950307607650756836 0.9994481205940246582 0.99938249588012695312 0.9993012547492980957 0.9992020726203918457 0.99909842014312744141 0.99898749589920043945 0.99886500835418701172 0.99874299764633178711 0.99863666296005249023 0.99855536222457885742 0.9985052943229675293 0.99848526716232299805 0.99848777055740356445 0.9985072016716003418 0.99854111671447753906
0 1 0 1 1 1 0.98568004369735717773 0.98722934722900390625 0.98882120847702026367 0.99038743972778320312 0.99189198017120361328 0.99327635765075683594 0.99451744556427001953 0.99561363458633422852 0.99656665325164794922 1 1 0.9984295964241027832 0.99880623817443847656 0.99908143281936645508 0.99926322698593139648 0.99937778711318969727 0.99944734573364257812 0.9994919896125793457 0.99951499700546264648 0.99952071905136108398 0.99951803684234619141 0 0.99948632717132568359 0.99944788217544555664 0.99938750267028808594 0.99931448698043823242 0.99922549724578857422 0.99911332130432128906 0.99899441003799438477 0.9988695979118347168 0.99873483180999755859 0.99859982728958129883 1 1 1 0.99832552671432495117 0.99833494424819946289 0.99835914373397827148 0.99839621782302856445
1 1 1 1 0.98058801889419555664 0.98205405473709106445 0.98363870382308959961 0.98533082008361816406 0.98704254627227783203 0.98876059055328369141 0.99047708511352539062 0.99210119247436523438 0 0.99486726522445678711 0.99599456787109375 1 0.99762552976608276367 0.99818652868270874023 0.99861836433410644531 0.99893265962600708008 0.99914276599884033203 0.99927651882171630859 0.99936240911483764648 0.99941897392272949219 0.99945408105850219727 0.99946713447570800781 0.9994659423828125 1 1 0.9994004368782043457 0.99934065341949462891 0.99926292896270751953 0.99916785955429077148 0.9990444183349609375 1 1 0.99862879514694213867 0.998485565185546875 0.99835795164108276367 1 1 0.99820035696029663086 0.99821388721466064453 0.99824082851409912109 0.99827897548675537109
0 0 0.97500914335250854492 0.9762871861457824707 0.97780197858810424805 0.97949886322021484375 0.98129826784133911133 0.98318552970886230469 0.98506242036819458008 0.98693567514419555664 0.98884695768356323242 0.99071955680847167969 1 0.99400120973587036133 1 1 0.99726557731628417969 0.9979127049446105957 0.99841314554214477539 0.99877166748046875 0.99901700019836425781 0.99917453527450561523 0.99927610158920288086 0.99934566020965576172 0.99939131736755371094 0.99941515922546386719 0.99941927194595336914 1 1 0.99936622381210327148 0.99931192398071289062 0.99923372268676757812 0.99913519620895385742 0.9990056157112121582 1 0.99871373176574707031 0 0.99841004610061645508 0.99827879667282104492 1 0.99813008308410644531 0.99812179803848266602 0.99813592433929443359 0.99816250801086425781 0.99819874763488769531
1 1 1 0.97282898426055908203 0.97458547353744506836 0.97649979591369628906 0.97854387760162353516 0.98066931962966918945 0.98278564214706420898 0.98487269878387451172 0.98699665069580078125 0 1 0.99296069145202636719 0 0.99583184719085693359 0.99681603908538818359 0.99757277965545654297 0.9981530308723449707 0.99857038259506225586 0.99885958433151245117 0.9990532994270324707 0.99918407201766967773 0.99927514791488647461 0.99933516979217529297 0.99937117099761962891 0.99938350915908813477 1 1 0.99934744834899902344 0.99930113554000854492 0.99922823905944824219 0.9991315007209777832 0.99900197982788085938 0.99885588884353637695 1 1 0.9983832240104675293 1 1 1 0.99809545278549194336 0.99810874462127685547 0.99813240766525268555 0.99816393852233886719
1 1 0.96698701381683349609 0.96882361173629760742 0.97084671258926391602 0.9730269312858581543 0.97533625364303588867 0.97777074575424194336 0.98017275333404541016 0.9825184941291809082 0.984889984130859375 0 1 0 0.99354499578475952148 0.99506855010986328125 0.99623870849609375 0.99713033437728881836 0.99781185388565063477 0.99831056594848632812 0.99865424633026123047 0.99889045953750610352 0.99906247854232788086 0.99918913841247558594 0.9992771148681640625 0.99933290481567382812 0.99936085939407348633 0.99936616420745849609 0.99935954809188842773 0.99934369325637817383 0.99930536746978759766 0.99924337863922119141 0.99915587902069091797 0.99903219938278198242 0.99888902902603149414 1 1 0.99841654300689697266 1 1 1 0.99812793731689453125 0.99813687801361083984 0.99815529584884643555 0.99818074703216552734
0.95854276418685913086 0.96006894111633300781 0.96199321746826171875 0.96415090560913085938 0.96650105714797973633 0.96904081106185913086 0.97171306610107421875 0.97446268796920776367 0.97721326351165771484 0.97990071773529052734 0.98258954286575317383 0.98526358604431152344 0.98786032199859619141 0.99027615785598754883 0.99238753318786621094 0.99413466453552246094 0.9955164790153503418 0.99656099081039428711 0.9973685145378112793 0.99797415733337402344 0.99838852882385253906 0.99868088960647583008 0.99890381097793579102 0.99907606840133666992 0.99920105934143066406 0.99928414821624755859 0.99933612346649169922 0.99935948848724365234 0.99936312437057495117 0.99935328960418701172 0.99932318925857543945 0.99927347898483276367 0.99920254945755004883 0.99909251928329467773 0.99895906448364257812 1 1 0.99850785732269287109 0.99838739633560180664 1 1 0.99821811914443969727 0.99821913242340087891 0.99823111295700073242 0.99825131893157958984
0.95233249664306640625 0.95412397384643554688 0.95629280805587768555 0.95881515741348266602 0.96160036325454711914 1 0.96770632266998291016 0 1 1 1 0.98311251401901245117 0.98600101470947265625 0.98870229721069335938 0.99110293388366699219 0.99311244487762451172 0.99469149112701416016 0.99589484930038452148 0.99684453010559082031 0.99756425619125366211 0.99807310104370117188 0.99843132495880126953 0.99871224164962768555 0.99893307685852050781 0.9991009831428527832 0.99921786785125732422 0.99929833412170410156 0.99934726953506469727 0.99936896562576293945 0.99937224388122558594 0.99935352802276611328 0.99931669235229492188 0.99926149845123291016 0.99917268753051757812 0.99905639886856079102 0.99891555309295654297 0.9987697601318359375 0.99864012002944946289 0.99852895736694335938 0.9984410405158996582 0.99838328361511230469 0.99835473299026489258 0.99834674596786499023 0.99835288524627685547 0.99837040901184082031
0.94567656517028808594 0.94773197174072265625 0.95019477605819702148 0.95306932926177978516 0.95629483461380004883 1 0.96336281299591064453 0 0.97049349546432495117 1 1 0.98072952032089233398 0.98395872116088867188 0.98696339130401611328 0.98967468738555908203 0.99196004867553710938 0.99376684427261352539 0.99514591693878173828 0.99623900651931762695 0.99708914756774902344 0.99770945310592651367 0.99815529584884643555 0.99849802255630493164 0.99876642227172851562 0.99897676706314086914 0.99913620948791503906 0.99924522638320922852 0.999324798583984375 0.9993724822998046875 0.99939268827438354492 0.99939060211181640625 0.99936854839324951172 0.99932873249053955078 0.99926346540451049805 0.99916696548461914062 0.99904137849807739258 0.9989109039306640625 0.99879300594329833984 0.99869167804718017578 0.99861091375350952148 0.99855375289916992188 0.99852001667022705078 0.99850618839263916016 0.99850869178771972656 0.99852567911148071289
