01_EFForTS-ABM/tests_integration/02_integrationtest/integrationtest01/output/quality_c_integrationtest01.asc
ncols        100
nrows        100
xllcorner    212461.033820999990
yllcorner    9753254.946558000520
cellsize     50.000000000000
NODATA_value  -3.4028234663852885981e+38
[rows 40 to 59 of 100, columns 45 to 89 of 100]
0.93888950347900390625 0.9412212371826171875 0.94398248195648193359 0.94716084003448486328 0.95067948102951049805 1 0.95867377519607543945 0 0.96681416034698486328 0.97071737051010131836 0.97447621822357177734 0.97818553447723388672 0.98175835609436035156 0.98508358001708984375 0.98806375265121459961 0.99061793088912963867 0.99267965555191040039 0.99427264928817749023 0.99552810192108154297 0.99653953313827514648 0.99729138612747192383 0.99784570932388305664 0.99826210737228393555 0.99858170747756958008 0.99883592128753662109 0.99903732538223266602 0.99918007850646972656 0.99929308891296386719 0.9993724822998046875 0.99941235780715942383 0.99942946434020996094 0.99942499399185180664 0.99940085411071777344 0.999355316162109375 0.99928003549575805664 0.99917227029800415039 0.99905771017074584961 0.99895292520523071289 0.99886214733123779297 0.99878853559494018555 0.99873429536819458008 0.99869978427886962891 0.99868381023406982422 0.99868476390838623047 0.99870181083679199219
0.93200397491455078125 0.93466681241989135742 0.93768471479415893555 0.94109892845153808594 0.94487941265106201172 0.94909137487411499023 0.95362651348114013672 0 0.96285569667816162109 0.96724581718444824219 0.97139763832092285156 0.97542214393615722656 0.97934287786483764648 0.98301845788955688477 0.98625147342681884766 0.98907029628753662109 0.99142307043075561523 0.99326670169830322266 0.99471479654312133789 0.9959042668342590332 0.99682325124740600586 0.9975045323371887207 0.99800759553909301758 0.99838334321975708008 0.99868100881576538086 0.99892473220825195312 0.99910724163055419922 0.99925428628921508789 0.99936646223068237305 0.99943292140960693359 0.99946653842926025391 0.99947971105575561523 0.99947154521942138672 0.99944365024566650391 0.99938601255416870117 0.99930053949356079102 0.9992033839225769043 0.99911201000213623047 0.99903196096420288086 0.99896615743637084961 0.99891656637191772461 0.99888390302658081055 0.99886810779571533203 0.99886864423751831055 0.99888539314270019531
0.92510712146759033203 0.92810189723968505859 0.93139386177062988281 0.93500810861587524414 0.93902379274368286133 0.94350415468215942383 0.94837248325347900391 0.95346790552139282227 0 0.96344816684722900391 0.96808385848999023438 0.97249084711074829102 0.97675323486328125 0.98075461387634277344 0.98430579900741577148 0.98739236593246459961 0.99001598358154296875 0.9921213984489440918 0.99378997087478637695 0.99517875909805297852 0.99628531932830810547 0.99710947275161743164 0.99771803617477416992 0.99817562103271484375 0.99852406978607177734 0.99880737066268920898 0.99902892112731933594 0.99921214580535888672 0.99935513734817504883 0.99945116043090820312 0.99950367212295532227 0.999530792236328125 0.99953830242156982422 0.99952328205108642578 0.99948263168334960938 0.99942076206207275391 0.99934327602386474609 0.99926477670669555664 0.99919545650482177734 0.99913793802261352539 0.99909389019012451172 0.99906450510025024414 0.99905008077621459961 0.99905085563659667969 0.9990666508674621582
1 0.92165219783782958984 0.92525821924209594727 0.92911881208419799805 0.93331581354141235352 1 0 0.94845283031463623047 0.95391380786895751953 0.95931732654571533203 0.96444869041442871094 0.969234466552734375 1 1 0.98215979337692260742 0.9855543971061706543 0.98845505714416503906 0.99082088470458984375 0.9927279353141784668 0.99433696269989013672 0.99563896656036376953 0.99661946296691894531 0.99735552072525024414 0.99792724847793579102 0.99835556745529174805 0.9986928105354309082 0.99895501136779785156 0.99917131662368774414 0.99934166669845581055 0.99946433305740356445 0.99953913688659667969 0.99957966804504394531 0.99959951639175415039 0.99959337711334228516 0.99956738948822021484 0.99953001737594604492 0.99947297573089599609 0.99940741062164306641 0.99934858083724975586 0.99929928779602050781 0.99926131963729858398 0.99923574924468994141 0.99922329187393188477 0.99922424554824829102 0.99923866987228393555
1 0.91552656888961791992 0.91929125785827636719 1 1 1 0.93787455558776855469 0.94348597526550292969 0.94924032688140869141 0.954986572265625 0.96059602499008178711 0.96578961610794067383 1 1 0.97979515790939331055 0.98354417085647583008 0.98670691251754760742 0.98933905363082885742 0.9915129542350769043 0.99336922168731689453 0.99487590789794921875 0.99603003263473510742 0.99692213535308837891 0.99762171506881713867 0.99815666675567626953 0.99856048822402954102 0.99887716770172119141 0.99913263320922851562 0.99933212995529174805 0.99947702884674072266 0.99956774711608886719 0.99962311983108520508 0.99965238571166992188 0.99965590238571166992 0.9996433258056640625 0.99962288141250610352 0.99958693981170654297 0.99953705072402954102 0.99948811531066894531 0.999446868896484375 0.99941492080688476562 0.99939340353012084961 0.99938297271728515625 0.99938410520553588867 0.99939596652984619141
0 0.9096253514289855957 0.91333383321762084961 1 1 1 1 0.93870675563812255859 0.94468545913696289062 0.9506657719612121582 0.95657169818878173828 0.96224141120910644531 0.9676074981689453125 0.97267621755599975586 0.97729384899139404297 0.98137414455413818359 0.98483747243881225586 0.98773980140686035156 0.99018043279647827148 0.99225181341171264648 0.99396950006484985352 0.99534249305725097656 0.99642598628997802734 0.99727511405944824219 0.99792307615280151367 0.99840766191482543945 0.9987837672233581543 0.99908506870269775391 0.9993216395378112793 0.9994894862174987793 0.99959385395050048828 0.99965852499008178711 0.99969708919525146484 0.99971282482147216797 0.99971121549606323242 0.99970132112503051758 0.99968278408050537109 0.99964982271194458008 0.99961191415786743164 0.99957823753356933594 0.99955207109451293945 0.99953442811965942383 0.99952602386474609375 0.99952721595764160156 0.99953484535217285156
1 1 1 1 1 1 1 0.93424195051193237305 0.94037610292434692383 1 0.95268625020980834961 0.95870035886764526367 0.9645093083381652832 0.9699268341064453125 0.97480827569961547852 0.97917187213897705078 0.98292726278305053711 0.98610532283782958984 0.98876708745956420898 0.99105507135391235352 0.99300223588943481445 0.99459969997406005859 0.99589169025421142578 0.99690169095993041992 0.99766492843627929688 0.99823409318923950195 0.99868094921112060547 0.99902957677841186523 0.99930334091186523438 0.99949496984481811523 0.999614715576171875 0.99968838691711425781 0.99973607063293457031 0.99976336956024169922 0.99977195262908935547 0.9997698664665222168 0.99976068735122680664 0.9997431635856628418 0.99971741437911987305 0.99969184398651123047 0.99967098236083984375 0.99965691566467285156 0.9996502995491027832 0.99964994192123413086 0.99965274333953857422
1 1 1 1 1 1 1 0.93035304546356201172 0.93654727935791015625 1 0 0.95546740293502807617 0.96159422397613525391 0.96732437610626220703 0.97243106365203857422 0.97701537609100341797 0.98101276159286499023 0.9843966364860534668 0.98728060722351074219 0.98982977867126464844 0.99204796552658081055 0.99387091398239135742 0.995361328125 0.99652820825576782227 0.99740296602249145508 0.99805808067321777344 0.99857044219970703125 0.99896907806396484375 0.99927484989166259766 0.99948984384536743164 0.9996268153190612793 0.99971342086791992188 0.9997704625129699707 0.99980634450912475586 0.99982434511184692383 0.99982827901840209961 0.99982583522796630859 0.99981695413589477539 0.99980199337005615234 0.99978566169738769531 0.99977070093154907227 0.99975991249084472656 0.99975383281707763672 0.99975103139877319336 0.99975067377090454102
1 1 1 1 1 0.91497665643692016602 0.92112600803375244141 0 0 1 1 0 0.95900434255599975586 0.96488028764724731445 1 1 0.97907662391662597656 0.98263835906982421875 0.98578476905822753906 0.98863613605499267578 0.99114614725112915039 0.99318945407867431641 0.99486744403839111328 0.9961764216423034668 0.99715840816497802734 0.99789184331893920898 0.99846100807189941406 0.99890148639678955078 0.99923634529113769531 0.99947434663772583008 0.99963331222534179688 0.99973618984222412109 0.99980092048645019531 0.99984228610992431641 0.99986672401428222656 0.99987721443176269531 0.99987906217575073242 0.99987542629241943359 0.99986666440963745117 0.99985808134078979492 0.99984949827194213867 0.99984192848205566406 0.99983590841293334961 0.9998314976692199707 0.99983000755310058594
1 1 1 1 1 0.91301953792572021484 0.9191729426383972168 0.92534595727920532227 0 0 1 1 1 1 1 0.9729397892951965332 1 1 0.98441714048385620117 0.98754960298538208008 0.99031341075897216797 0.99258458614349365234 0.99442517757415771484 0.99586248397827148438 0.9969450831413269043 0.99774217605590820312 0.99835246801376342773 0.99882376194000244141 0.99918794631958007812 0.9994564056396484375 0.99963754415512084961 0.99975478649139404297 0.99982780218124389648 0.99987292289733886719 0.99990111589431762695 0.99991559982299804688 0.99992108345031738281 0.99992078542709350586 0.99991619586944580078 0.99991118907928466797 0.99990701675415039062 0.99990195035934448242 0.99989718198776245117 0.99989366531372070312 0.99989265203475952148
1 1 1 0 1 0.91204524040222167969 0.91814243793487548828 0.92425942420959472656 0.93022334575653076172 0 1 1 0 1 1 1 1 1 0.98328936100006103516 0.9866364598274230957 0.98959368467330932617 0.99207109212875366211 0.99405050277709960938 0.99558347463607788086 0.99675416946411132812 0.9976037144660949707 0.99824929237365722656 0.99874567985534667969 0.99913781881332397461 0.9994385838508605957 0.99964165687561035156 0.99977105855941772461 0.99985009431838989258 0.99989873170852661133 0.99992865324020385742 0.99994474649429321289 0.9999523162841796875 0.99995410442352294922 0.99995207786560058594 0.99994891881942749023 0.99994581937789916992 0.99994301795959472656 0.99994033575057983398 0.99993854761123657227 0.99993854761123657227
1 0 1 1 1 1 0.91795903444290161133 0.92388987541198730469 0.92961418628692626953 1 1 1 0 0 0.96473932266235351562 0.96975618600845336914 1 1 0.98243099451065063477 0.98594397306442260742 0.98902845382690429688 0.99163973331451416016 0.99372756481170654297 0.99534565210342407227 0.99656862020492553711 0.99746847152709960938 0.99814677238464355469 0.99867880344390869141 0.99910104274749755859 0.99942386150360107422 0.99964445829391479492 0.99978399276733398438 0.99986821413040161133 0.99991983175277709961 0.99995011091232299805 0.99996620416641235352 0.9999739527702331543 0.99997621774673461914 0.99997550249099731445 0.99997359514236450195 0.99997150897979736328 0.99996984004974365234 0.9999688267707824707 0.99996852874755859375 0.99996876716613769531
0 0 0.89937883615493774414 1 1 1 0.91879963874816894531 0.92444342374801635742 0.92992115020751953125 1 1 1 1 0.95831894874572753906 0.96368479728698730469 0.96873736381530761719 0 0 0.98179143667221069336 0.98542416095733642578 0.98860663175582885742 0.99130618572235107422 0.99346834421157836914 0.99513798952102661133 0.99639713764190673828 0.99733269214630126953 0.99805122613906860352 0.99862813949584960938 0.99908012151718139648 0.99941986799240112305 0.99965018033981323242 0.99979490041732788086 0.999881744384765625 0.99993491172790527344 0.99996507167816162109 0.9999802708625793457 0.99998718500137329102 0.99998950958251953125 0.99998927116394042969 0.99998837709426879883 0.99998724460601806641 0.99998641014099121094 0.99998587369918823242 0.99998563528060913086 0.99998575448989868164
0 1 1 1 1 1 1 1 0.93119996786117553711 1 1 1 1 1 1 1 0 0.97733330726623535156 0.98138266801834106445 0.98508375883102416992 0.98831421136856079102 0.99105250835418701172 0.99326181411743164062 0.99495863914489746094 0.99624401330947875977 0.9972184300422668457 0.99797588586807250977 0.99858975410461425781 0.99906677007675170898 0.99942040443420410156 0.9996579289436340332 0.99980449676513671875 0.99989277124404907227 0.99994522333145141602 0.99997389316558837891 0.99998807907104492188 0.99999392032623291016 0.99999588727951049805 0.99999606609344482422 0.99999558925628662109 0.99999505281448364258 0.99999463558197021484 0.99999439716339111328 0.99999439716339111328 0.99999463558197021484
0 1 1 1 1 1 1 1 0.93356400728225708008 1 1 1 1 1 1 1 1 1 1 0.98493379354476928711 0.98816525936126708984 0.99089610576629638672 0.99311012029647827148 0.99481761455535888672 0.99612313508987426758 0.9971300959587097168 0.99791866540908813477 0.99855518341064453125 0.99904960393905639648 0.99941766262054443359 0.99966013431549072266 0.99980938434600830078 0.99989944696426391602 0.9999516606330871582 0.99997889995574951172 0.99999189376831054688 0.99999690055847167969 0.99999850988388061523 0.99999886751174926758 0.99999880790710449219 0.99999856948852539062 0.99999839067459106445 0.99999833106994628906 0.99999833106994628906 0.99999839067459106445
0 1 1 1 1 1 0 0.93260222673416137695 0.93694132566452026367 1 1 1 1 1 1 1 1 1 1 1 0.98820859193801879883 0.99087464809417724609 0.99304109811782836914 0.99473899602890014648 0.99605351686477661133 0.99707657098770141602 0.99788498878479003906 0.99853605031967163086 0.99903666973114013672 0.99940901994705200195 0.99965524673461914062 0.99980938434600830078 0.99990183115005493164 0.99995464086532592773 0.99998134374618530273 0.99999386072158813477 0.99999833106994628906 0.99999952316284179688 0.99999982118606567383 0.99999982118606567383 0.99999982118606567383 0.99999976158142089844 0.99999970197677612305 0.99999970197677612305 0.99999964237213134766
1 0.91621172428131103516 1 1 1 1 0 0.93721342086791992188 0.94110977649688720703 0.94484424591064453125 0.94871580600738525391 0.95278143882751464844 0.95710235834121704102 0 0.9658641815185546875 1 1 1 1 1 0.98848450183868408203 0.99101269245147705078 0.99309498071670532227 0.99475491046905517578 0.99605089426040649414 0.9970728754997253418 0.99788260459899902344 0.99853211641311645508 0.99903166294097900391 0.99940103292465209961 0.9996483922004699707 0.99980592727661132812 0.99990117549896240234 0.99995505809783935547 0.99998241662979125977 0.99999457597732543945 0.99999886751174926758 0.99999982118606567383 1 1 1 1 1 1 0.99999994039535522461
1 0.92360001802444458008 1 0.92851781845092773438 1 1 0.93874436616897583008 0.94229871034622192383 0.94572502374649047852 0.94907736778259277344 0.95252496004104614258 0.95615679025650024414 0.96001255512237548828 0 0 0 1 1 0.98299741744995117188 0.98619115352630615234 0.98895841836929321289 0.99132013320922851562 0.99329537153244018555 0.99487841129302978516 0.99613642692565917969 0.99713373184204101562 0.99793142080307006836 0.99856019020080566406 0.99904519319534301758 0.99940246343612670898 0.99964737892150878906 0.99980515241622924805 0.99990040063858032227 0.99995410442352294922 0.99998229742050170898 0.99999463558197021484 0.99999892711639404297 0.99999988079071044922 1 1 1 1 1 1 1
1 0.93135297298431396484 0.93336617946624755859 0.93576574325561523438 0 0.94151204824447631836 0.94463264942169189453 0.94770443439483642578 0.95068794488906860352 0.95368504524230957031 1 1 1 0.96685022115707397461 0.97041463851928710938 0.97399985790252685547 1 1 0.98419493436813354492 0.98708170652389526367 0.98961097002029418945 0.99178344011306762695 0.99361789226531982422 0.995105743408203125 0.99630647897720336914 0.99726092815399169922 0.99801909923553466797 0.99861735105514526367 0.99908030033111572266 0.99942094087600708008 0.99965626001358032227 0.99980968236923217773 0.99990153312683105469 0.9999535679817199707 0.99998205900192260742 0.99999433755874633789 0.9999987483024597168 0.99999982118606567383 1 1 1 1 1 1 1
0.93777388334274291992 0.93909507989883422852 0.9408162236213684082 0.94284391403198242188 0.94517594575881958008 0.94779306650161743164 0.9504954218864440918 0.95315039157867431641 0.955776214599609375 0.95843106508255004883 0.96104449033737182617 1 1 0.96991139650344848633 0.97307765483856201172 0.976337432861328125 1 1 1 0.98812520503997802734 0.99040877819061279297 0.9923718571662902832 0.99404633045196533203 0.99542748928070068359 0.996551513671875 0.99743801355361938477 0.9981403350830078125 0.99870145320892333984 0.99913692474365234375 0.999454498291015625 0.99967497587203979492 0.99981951713562011719 0.99990570545196533203 0.99995511770248413086 0.99998247623443603516 0.99999433755874633789 0.99999862909317016602 0.99999982118606567383 1 1 1 1 1 1 1
