01_EFForTS-ABM/tests_integration/01_unittest/globalimpact/output/deg_sum_c_globalimpact.asc
ncols        100
nrows        100
xllcorner    212461.033820999990
yllcorner    9753254.946558000520
cellsize     50.000000000000
NODATA_value  -3.4028234663852885981e+38
[rows 64 to 79 of 100, columns 37 to 73 of 100]
6.5227919549215584993e-05 6.5998188802041113377e-05 6.6729160607792437077e-05 6.7416658566799014807e-05 6.8056237068958580494e-05 6.8643174017779529095e-05 6.9172572693787515163e-05 6.9639492721762508154e-05 7.0039117417763918638e-05 7.0366899308282881975e-05 7.0618800236843526363e-05 7.0791524194646626711e-05 7.0882684667594730854e-05 7.089100108714774251e-05 7.0816335210110992193e-05 7.0659771154168993235e-05 7.0423469878733158112e-05 7.0110560045577585697e-05 6.9724956119898706675e-05 6.92711109877564013e-05 6.8753812229260802269e-05 6.8177992943674325943e-05 6.7548564402386546135e-05 6.6870277805719524622e-05 6.6147658799309283495e-05 6.5384927438572049141e-05 6.4585983636789023876e-05 6.3754385337233543396e-05 6.2893348513171076775e-05 6.2005790823604911566e-05 6.1094331613276153803e-05 6.0161291912663727999e-05 5.9208763559581711888e-05 5.8238609199179336429e-05 5.7252487749792635441e-05 5.6251890782732516527e-05 5.5238124332390725613e-05
6.4313586335629224777e-05 6.5053332946263253689e-05 6.5753432863857597113e-05 6.6410051658749580383e-05 6.7019122070632874966e-05 6.757643859600648284e-05 6.8077672040089964867e-05 6.8518529587890952826e-05 6.8894871219526976347e-05 6.9202833401504904032e-05 6.9439054641406983137e-05 6.9600777351297438145e-05 6.9686066126450896263e-05 6.9693836849182844162e-05 6.962400220800191164e-05 6.9477435317821800709e-05 6.9255911512300372124e-05 6.8962050136178731918e-05 6.8599088990595191717e-05 6.8170811573509126902e-05 6.7681306973099708557e-05 6.7134868004359304905e-05 6.6535802034195512533e-05 6.5888358221855014563e-05 6.5196647483389824629e-05 6.4464533352293074131e-05 6.3695646531414240599e-05 6.2893348513171076775e-05 6.2060724303591996431e-05 6.1200582422316074371e-05 6.031548400642350316e-05 5.940772462054155767e-05 5.8479381550569087267e-05 5.7532335631549358368e-05 5.6568267609691247344e-05 5.5588690884178504348e-05 5.4594955145148560405e-05
6.337508239084854722e-05 6.4085958001669496298e-05 6.4757077780086547136e-05 6.5384927438572049141e-05 6.5965832618530839682e-05 6.6496009822003543377e-05 6.6971646447200328112e-05 6.7389002651907503605e-05 6.7744491389021277428e-05 6.8034831201657652855e-05 6.8257169914431869984e-05 6.8409208324737846851e-05 6.8489323894027620554e-05 6.849662167951464653e-05 6.8431028921622782946e-05 6.829326594015583396e-05 6.8084824306424707174e-05 6.7807872255798429251e-05 6.7465160100255161524e-05 6.7059903813060373068e-05 6.6595624957699328661e-05 6.6076048824470490217e-05 6.5504988015163689852e-05 6.4886226027738302946e-05 6.4223473600577563047e-05 6.3520274125039577484e-05 6.2779996369499713182e-05 6.2005790823604911566e-05 6.1200582422316074371e-05 6.036707054590806365e-05 5.9507718106033280492e-05 5.862478428753092885e-05 5.7720328186405822635e-05 5.6796208809828385711e-05 5.585410690400749445e-05 5.4895564971957355738e-05 5.3921958169667050242e-05
6.2415063439402729273e-05 6.309866876108571887e-05 6.374262738972902298e-05 6.4343694248236715794e-05 6.4898566051851958036e-05 6.5403844928368926048e-05 6.5856162109412252903e-05 6.6252243414055556059e-05 6.6588967456482350826e-05 6.686354026896879077e-05 6.7073517129756510258e-05 6.7216948082204908133e-05 6.7292479798197746277e-05 6.7299355578143149614e-05 6.7237517214380204678e-05 6.7107575887348502874e-05 6.6910768509842455387e-05 6.6648935899138450623e-05 6.6324428189545869827e-05 6.5939981141127645969e-05 6.5498650656081736088e-05 6.5003696363419294357e-05 6.4458472479600459337e-05 6.3866369600873440504e-05 6.3230741943698376417e-05 6.2554812757298350334e-05 6.1841688875574618578e-05 6.1094331613276153803e-05 6.031548400642350316e-05 5.9507718106033280492e-05 5.8673413150245323777e-05 5.7814762840280309319e-05 5.6933771702460944653e-05 5.6032276916084811091e-05 5.5111959227360785007e-05 5.4174353863345459104e-05 5.3220846893964335322e-05
6.1435843235813081264e-05 6.2093742599245160818e-05 6.2712235376238822937e-05 6.3288374803960323334e-05 6.3819155911915004253e-05 6.4301551901735365391e-05 6.4732557802926748991e-05 6.5109306888189166784e-05 6.5429085225332528353e-05 6.5689462644513696432e-05 6.5888358221855014563e-05 6.6024113039020448923e-05 6.6095555666834115982e-05 6.6102060372941195965e-05 6.6043576225638389587e-05 6.5920605266001075506e-05 6.5734224335756152868e-05 6.5485990489833056927e-05 6.5177904616575688124e-05 6.4812338678166270256e-05 6.4391955675091594458e-05 6.3919600506778806448e-05 6.3398256315849721432e-05 6.2830942624714225531e-05 6.2220678955782204866e-05 6.1570433899760246277e-05 6.0883059632033109665e-05 6.0161291912663727999e-05 5.940772462054155767e-05 5.862478428753092885e-05 5.7814762840280309319e-05 5.6979755754582583904e-05 5.6121734814951196313e-05 5.5242482631001621485e-05 5.4343665397027507424e-05 5.3426800150191411376e-05 5.2493283874355256557e-05
6.0439455410232767463e-05 6.10731294727884233e-05 6.1667771660722792149e-05 6.2220678955782204866e-05 6.2729159253649413586e-05 6.3190469518303871155e-05 6.3601954025216400623e-05 6.3961088017094880342e-05 6.4265484979841858149e-05 6.4513042161706835032e-05 6.4701947849243879318e-05 6.4830790506675839424e-05 6.4898566051851958036e-05 6.4904736063908785582e-05 6.4849256887100636959e-05 6.4732557802926748991e-05 6.4555562858004122972e-05 6.431960355257615447e-05 6.402641156455501914e-05 6.3678053265903145075e-05 6.327683513518422842e-05 6.2825274653732776642e-05 6.2326020270120352507e-05 6.1781771364621818066e-05 6.1195263697300106287e-05 6.0569185734493657947e-05 5.9906171372858807445e-05 5.9208763559581711888e-05 5.8479381550569087267e-05 5.7720328186405822635e-05 5.6933771702460944653e-05 5.6121734814951196313e-05 5.5286105634877458215e-05 5.4428637668024748564e-05 5.3550960728898644447e-05 5.2654573664767667651e-05 5.1740847993642091751e-05
5.9427693486213684082e-05 6.0038542869733646512e-05 6.0610829677898436785e-05 6.1142098275013267994e-05 6.1629871197510510683e-05 6.2071725551504641771e-05 6.2465282098855823278e-05 6.2808292568661272526e-05 6.309866876108571887e-05 6.3334577134810388088e-05 6.3514453358948230743e-05 6.3637045968789607286e-05 6.370151095325127244e-05 6.3707382651045918465e-05 6.365461740642786026e-05 6.3543586293235421181e-05 6.337508239084854722e-05 6.3150269852485507727e-05 6.2870640249457210302e-05 6.2537998019251972437e-05 6.2154373154044151306e-05 6.1721999372821301222e-05 6.1243212257977575064e-05 6.0720441979356110096e-05 6.0156166000524535775e-05 5.9552832681220024824e-05 5.8912864915328100324e-05 5.8238609199179336429e-05 5.7532335631549358368e-05 5.6796208809828385711e-05 5.6032276916084811091e-05 5.5242482631001621485e-05 5.4428637668024748564e-05 5.3592448239214718342e-05 5.2735493227373808622e-05 5.1859242375940084457e-05 5.0965063564945012331e-05
5.8402121794642880559e-05 5.8991474361391738057e-05 5.9542802773648872972e-05 6.0053858760511502624e-05 6.0522412240970879793e-05 6.0946269513806328177e-05 6.1323305999394506216e-05 6.1651517171412706375e-05 6.192908767843618989e-05 6.2154373154044151306e-05 6.2326020270120352507e-05 6.2442952184937894344e-05 6.2504412198904901743e-05 6.2510007410310208797e-05 6.2459694163408130407e-05 6.2353814428206533194e-05 6.2193037592805922031e-05 6.1978375015314668417e-05 6.1711136368103325367e-05 6.1392915085889399052e-05 6.1025482864351943135e-05 6.0610829677898436785e-05 6.0151043726364150643e-05 5.9648307797033339739e-05 5.9104855608893558383e-05 5.8522924518911167979e-05 5.7904744608094915748e-05 5.7252487749792635441e-05 5.6568267609691247344e-05 5.585410690400749445e-05 5.5111959227360785007e-05 5.4343665397027507424e-05 5.3550960728898644447e-05 5.2735493227373808622e-05 5.1898790843551978469e-05 5.1042297855019569397e-05 5.0167349399998784065e-05
5.7364119129488244653e-05 5.7933219068218022585e-05 5.8464876929065212607e-05 5.8957059081876650453e-05 5.940772462054155767e-05 5.9814890846610069275e-05 6.0176669649081304669e-05 6.0491274780360981822e-05 6.0757076425943523645e-05 6.0972648498136550188e-05 6.1136786825954914093e-05 6.1248538258951157331e-05 6.1307262512855231762e-05 6.131261034170165658e-05 6.1264545365702360868e-05 6.1163344071246683598e-05 6.1009624914731830359e-05 6.0804253735113888979e-05 6.0548387409653514624e-05 6.0243419284233823419e-05 5.9890939155593514442e-05 5.9492696891538798809e-05 5.9050573327112942934e-05 5.8566536608850583434e-05 5.8042613090947270393e-05 5.7480836403556168079e-05 5.688326200470328331e-05 5.6251890782732516527e-05 5.5588690884178504348e-05 5.4895564971957355738e-05 5.4174353863345459104e-05 5.3426800150191411376e-05 5.2654573664767667651e-05 5.1859242375940084457e-05 5.1042297855019569397e-05 5.0205137085868045688e-05 4.9349066102877259254e-05
5.6314911489607766271e-05 5.686491203960031271e-05 5.7378107158001512289e-05 5.7852616009768098593e-05 5.8286608691560104489e-05 5.8678284403868019581e-05 5.9025933296652510762e-05 5.9327972849132493138e-05 5.9582944231806322932e-05 5.9789592341985553503e-05 5.994683306198567152e-05 6.0053858760511502624e-05 6.0110080084996297956e-05 6.0115195083199068904e-05 6.0069178289268165827e-05 5.9972277085762470961e-05 5.9825022617587819695e-05 5.9628178860293701291e-05 5.9382771723903715611e-05 5.9090041759191080928e-05 5.8751389587996527553e-05 5.8368383179185912013e-05 5.7942714192904531956e-05 5.7476161600789055228e-05 5.6970558944158256054e-05 5.642776886816136539e-05 5.584966856986284256e-05 5.5238124332390725613e-05 5.4594955145148560405e-05 5.3921958169667050242e-05 5.3220846893964335322e-05 5.2493283874355256557e-05 5.1740847993642091751e-05 5.0965063564945012331e-05 5.0167349399998784065e-05 4.9349066102877259254e-05 4.8511479690205305815e-05
5.5255561164813116193e-05 5.5787550081731751561e-05 5.6283384765265509486e-05 5.6741348089417442679e-05 5.7159770221915096045e-05 5.7537021348252892494e-05 5.7871562603395432234e-05 5.8161967899650335312e-05 5.840694575454108417e-05 5.8605357480701059103e-05 5.8756264479598030448e-05 5.8858939155470579863e-05 5.8912864915328100324e-05 5.8917768910760059953e-05 5.8873632951872423291e-05 5.8780678955372422934e-05 5.8639365306589752436e-05 5.8450383221497759223e-05 5.8214638556819409132e-05 5.7933219068218022585e-05 5.760739441029727459e-05 5.7238565204897895455e-05 5.6828248489182442427e-05 5.6378063163720071316e-05 5.5889664508868008852e-05 5.5364769650623202324e-05 5.4805099352961406112e-05 5.4212374379858374596e-05 5.3588297305395826697e-05 5.2934534323867410421e-05 5.225270433584228158e-05 5.1544382586143910885e-05 5.0811071560019627213e-05 5.0054215535055845976e-05 4.9275193305220454931e-05 4.8475307266926392913e-05 4.7655794332968071103e-05
5.418702494353055954e-05 5.470200630952604115e-05 5.5181510106194764376e-05 5.5623953812755644321e-05 5.602781311608850956e-05 5.6391607358818873763e-05 5.6713961384957656264e-05 5.6993569160113111138e-05 5.7229284720961004496e-05 5.7420093071414157748e-05 5.7565150200389325619e-05 5.7663808547658845782e-05 5.7715617003850638866e-05 5.7720328186405822635e-05 5.7677931181387975812e-05 5.7588611525716260076e-05 5.7452787586953490973e-05 5.7271066907560452819e-05 5.7044257118832319975e-05 5.6773336837068200111e-05 5.6459437473677098751e-05 5.6103821407305076718e-05 5.5707860155962407589e-05 5.527301254915073514e-05 5.4800795624032616615e-05 5.4292780987452715635e-05 5.3750551160192117095e-05 5.3175695938989520073e-05 5.2569805120583623648e-05 5.1934424845967441797e-05 5.1271086704218760133e-05 5.058126771473325789e-05 4.9866408517118543386e-05 4.9127873353427276015e-05 4.836698644794523716e-05 4.7585010179318487644e-05 4.6783130528638139367e-05
5.3110135922906920314e-05 5.3609055612469092011e-05 5.4073170758783817291e-05 5.4501033446285873652e-05 5.4891250329092144966e-05 5.5242482631001621485e-05 5.5553464335389435291e-05 5.5823031289037317038e-05 5.6050146667985245585e-05 5.6233904615510255098e-05 5.6373544794041663408e-05 5.6468496040906757116e-05 5.6518343626521527767e-05 5.6522876548115164042e-05 5.6482080253772437572e-05 5.6396125728497281671e-05 5.6265380408149212599e-05 5.6090393627528101206e-05 5.5871882068458944559e-05 5.5610722483834251761e-05 5.5307933507720008492e-05 5.4964661103440448642e-05 5.45821385458111763e-05 5.4161690059117972851e-05 5.3704712627222761512e-05 5.3212632337817922235e-05 5.2686915296362712979e-05 5.2129038522252812982e-05 5.1540460844989866018e-05 5.0922655645990744233e-05 5.0277034461032599211e-05 4.9605008825892582536e-05 4.8907924792729318142e-05 4.8187102947849780321e-05 4.7443805669900029898e-05 4.6679233491886407137e-05 4.5894546929048374295e-05
5.2025643526576459408e-05 5.2509374654619023204e-05 5.2958985179429873824e-05 5.3373136324808001518e-05 5.3750551160192117095e-05 5.4090014600660651922e-05 5.4390377044910565019e-05 5.4650583479087799788e-05 5.4869695304660126567e-05 5.5046893976395949721e-05 5.5181510106194764376e-05 5.527301254915073514e-05 5.5321044783340767026e-05 5.5325413995888084173e-05 5.5286105634877458215e-05 5.5203268857439979911e-05 5.5077241995604708791e-05 5.4908508900552988052e-05 5.4697720770491287112e-05 5.4445659770863130689e-05 5.4153249948285520077e-05 5.382151721278205514e-05 5.3451596613740548491e-05 5.3044688684167340398e-05 5.2602073992602527142e-05 5.2125054935459047556e-05 5.1614992116810753942e-05 5.1073235226795077324e-05 5.0501166697358712554e-05 4.9900139856617897749e-05 4.9271504394710063934e-05 4.8616569984005764127e-05 4.7936620831023901701e-05 4.7232908400474116206e-05 4.6506644139299169183e-05 4.575897401082329452e-05 4.4991014874540269375e-05
5.0934213504660874605e-05 5.1403574616415426135e-05 5.1839484513038769364e-05 5.2240720833651721478e-05 5.2606108511099591851e-05 5.2934534323867410421e-05 5.3224950534058734775e-05 5.3476411267183721066e-05 5.368805796024389565e-05 5.3859148465562611818e-05 5.3989078878657892346e-05 5.4077379900263622403e-05 5.4123724112287163734e-05 5.412794052972458303e-05 5.4090014600660651922e-05 5.4010084568290039897e-05 5.3888445108896121383e-05 5.372554369387216866e-05 5.3521947847912088037e-05 5.3278392442734912038e-05 5.2995688747614622116e-05 5.2674786275019869208e-05 5.2316700021037831903e-05 5.1922543207183480263e-05 5.1493472710717469454e-05 5.1030703616561368108e-05 5.0535476475488394499e-05 5.0009057304123416543e-05 4.9452723033027723432e-05 4.8867736040847375989e-05 4.8255365982186049223e-05 4.7616846131859347224e-05 4.6953398850746452808e-05 4.6266213757917284966e-05 4.5556422264780849218e-05 4.4825148506788536906e-05 4.4073465687688440084e-05
4.9836438847705721855e-05 5.0292186642764136195e-05 5.0715148972813040018e-05 5.1104201702401041985e-05 5.1458271627780050039e-05 5.1776329200947657228e-05 5.2057424909435212612e-05 5.2300692914286628366e-05 5.2505351050058379769e-05 5.2670740842586383224e-05 5.2796302043134346604e-05 5.2881619922118261456e-05 5.2926385251339524984e-05 5.2930456149624660611e-05 5.2893821703037247062e-05 5.2816598326899111271e-05 5.2699055231641978025e-05 5.2541592594934627414e-05 5.2344734285725280643e-05 5.2109131502220407128e-05 5.1835533668054267764e-05 5.1524795708246529102e-05 5.1177848945371806622e-05 5.079570837551727891e-05 5.0379439926473423839e-05 4.9930156819755211473e-05 4.9449012294644489884e-05 4.8937177780317142606e-05 4.8395842895843088627e-05 4.7826193622313439846e-05 4.7229405026882886887e-05 4.6606659452663734555e-05 4.5959095587022602558e-05 4.5287844841368496418e-05 4.459400224732235074e-05 4.3878626456717029214e-05 4.3142750655533745885e-05
