01_EFForTS-ABM/tests_integration/01_unittest/globalimpact/output/deg_sum_c_globalimpact.asc
ncols        100
nrows        100
xllcorner    212461.033820999990
yllcorner    9753254.946558000520
cellsize     50.000000000000
NODATA_value  -3.4028234663852885981e+38
[rows 16 to 31 of 100, columns 37 to 73 of 100]
4.5167529606260359287e-05 4.5573266106657683849e-05 4.5948898332426324487e-05 4.6293615014292299747e-05 4.6606659452663734555e-05 4.6887296775821596384e-05 4.7134864871622994542e-05 4.734877074952237308e-05 4.7528468712698668242e-05 4.7673514927737414837e-05 4.7783527406863868237e-05 4.7858218749752268195e-05 4.7897403419483453035e-05 4.7900965000735595822e-05 4.7868899855529889464e-05 4.7801295295357704163e-05 4.7698325943201780319e-05 4.7560264647472649813e-05 4.7387457016156986356e-05 4.7180357796605676413e-05 4.6939472667872905731e-05 4.6665401896461844444e-05 4.6358782128663733602e-05 4.6020337322261184454e-05 4.5650827814824879169e-05 4.5251050323713570833e-05 4.4821841584052890539e-05 4.4364071072777733207e-05 4.3878626456717029214e-05 4.3366406316636130214e-05 4.2828316509258002043e-05 4.2265270167263224721e-05 4.1678173147374764085e-05 4.1067927668336778879e-05 4.043541775899939239e-05 3.9781516534276306629e-05 3.9107086195144802332e-05
4.6286764700198546052e-05 4.6703455154784023762e-05 4.7089426516322419047e-05 4.7443805669900029898e-05 4.776575951837003231e-05 4.8054509534267708659e-05 4.8309335397789254785e-05 4.8529578634770587087e-05 4.8714660806581377983e-05 4.8864083510125055909e-05 4.8977442929754033685e-05 4.9054422561312094331e-05 4.9094800488092005253e-05 4.9098474846687167883e-05 4.9065427447203546762e-05 4.8995756515068933368e-05 4.8889654863160103559e-05 4.8747413529781624675e-05 4.856942905462346971e-05 4.8356174374930560589e-05 4.8108213377417996526e-05 4.7826193622313439846e-05 4.751081723952665925e-05 4.7162855480564758182e-05 4.6783130528638139367e-05 4.6372515498660504818e-05 4.5931905333418399096e-05 4.5462227717507630587e-05 4.496443580137565732e-05 4.4439490011427551508e-05 4.3888347136089578271e-05 4.331198579166084528e-05 4.2711359128588810563e-05 4.208742029732093215e-05 4.1441100620431825519e-05 4.0773316868580877781e-05 4.008496762253344059e-05
4.7401539632119238377e-05 4.782974792760796845e-05 4.8226611397694796324e-05 4.859117689193226397e-05 4.892255310551263392e-05 4.9219881475437432528e-05 4.9482390750199556351e-05 4.9709353334037587047e-05 4.9900139856617897749e-05 5.0054215535055845976e-05 5.0171129259979352355e-05 5.025052814744412899e-05 5.0292186642764136195e-05 5.029597741668112576e-05 5.0261885917279869318e-05 5.0190014007966965437e-05 5.0080587243428453803e-05 4.993391121388413012e-05 4.9750426114769652486e-05 4.9530644901096820831e-05 4.9275193305220454931e-05 4.8984766181092709303e-05 4.8660134780220687389e-05 4.8302132199751213193e-05 4.7911660658428445458e-05 4.7489644202869385481e-05 4.7037054173415526748e-05 4.6554894652217626572e-05 4.6044180635362863541e-05 4.5505934394896030426e-05 4.4941189116798341274e-05 4.4350967073114588857e-05 4.3736290535889565945e-05 4.3098149035358801484e-05 4.2437535739736631513e-05 4.1755407437449321151e-05 4.1052695451071485877e-05
4.8511479690205305815e-05 4.8951817007036879659e-05 4.9360158300260081887e-05 4.9735484935808926821e-05 5.0076818297384306788e-05 5.0383237976348027587e-05 5.0653889047680422664e-05 5.08879893459379673e-05 5.1084847655147314072e-05 5.1243867346784099936e-05 5.1364557293709367514e-05 5.1446539146127179265e-05 5.1489558245521038771e-05 5.1493472710717469454e-05 5.1458271627780050039e-05 5.1384064136072993279e-05 5.1271086704218760133e-05 5.111969585414044559e-05 5.0930360885104164481e-05 5.0703656597761437297e-05 5.0440256018191576004e-05 5.0140923121944069862e-05 4.9806498282123357058e-05 4.943789463141001761e-05 4.9036076234187930822e-05 4.8602058086544275284e-05 4.8136884288396686316e-05 4.7641628043493255973e-05 4.7117384383454918861e-05 4.6565244701923802495e-05 4.5986304030520841479e-05 4.538165740086697042e-05 4.4752370740752667189e-05 4.4099509977968409657e-05 4.3424101022537797689e-05 4.2727147956611588597e-05 4.2009633034467697144e-05
4.9616170144872739911e-05 5.0069284043274819851e-05 5.0489739805925637484e-05 5.0876442401204258204e-05 5.1228322263341397047e-05 5.1544382586143910885e-05 5.1823684771079570055e-05 5.2065373893128708005e-05 5.2268693252699449658e-05 5.2432988013606518507e-05 5.2557708841050043702e-05 5.2642448281403630972e-05 5.2686915296362712979e-05 5.2690960728796198964e-05 5.2654573664767667651e-05 5.2577870519598945975e-05 5.2461109589785337448e-05 5.2304691052995622158e-05 5.2109131502220407128e-05 5.1875056669814512134e-05 5.1603212341433390975e-05 5.1294427976245060563e-05 5.0949638534802943468e-05 5.0569811719469726086e-05 5.0156024371972307563e-05 4.9709353334037587047e-05 4.9230940931010991335e-05 4.8721940402174368501e-05 4.8183515900745987892e-05 4.7616846131859347224e-05 4.7023102524690330029e-05 4.6403427404584363103e-05 4.575897401082329452e-05 4.5090841013006865978e-05 4.4400123442756012082e-05 4.3687869037967175245e-05 4.2955096432706341147e-05
5.0715148972813040018e-05 5.1181730668758973479e-05 5.1614992116810753942e-05 5.201373278396204114e-05 5.2376803068909794092e-05 5.270310066407546401e-05 5.2991610573371872306e-05 5.3241383284330368042e-05 5.3451596613740548491e-05 5.362151932786218822e-05 5.3750551160192117095e-05 5.3838241001358255744e-05 5.3884257795289158821e-05 5.3888445108896121383e-05 5.3850781114306300879e-05 5.3771407692693173885e-05 5.3650612244382500648e-05 5.348882405087351799e-05 5.3286617912817746401e-05 5.3044688684167340398e-05 5.2763854910153895617e-05 5.2445040637394413352e-05 5.208923539612442255e-05 5.1697537855943664908e-05 5.1271086704218760133e-05 5.0811071560019627213e-05 5.0318722060183063149e-05 4.9795275117503479123e-05 4.9242000386584550142e-05 4.8660134780220687389e-05 4.8050937039079144597e-05 4.7415622248081490397e-05 4.6755401854170486331e-05 4.6071447286522015929e-05 4.5364886318566277623e-05 4.4636835809797048569e-05 4.3888347136089578271e-05
5.1807892305077984929e-05 5.2288687584223225713e-05 5.2735493227373808622e-05 5.3146999562159180641e-05 5.3521947847912088037e-05 5.3859148465562611818e-05 5.4157466365722939372e-05 5.4415875638369470835e-05 5.4633455874864012003e-05 5.4809403081890195608e-05 5.4943051509326323867e-05 5.5033895478118211031e-05 5.5081582104321569204e-05 5.5085918575059622526e-05 5.5046893976395949721e-05 5.4964661103440448642e-05 5.4839532822370529175e-05 5.467199662234634161e-05 5.4462689149659126997e-05 5.4212374379858374596e-05 5.3921958169667050242e-05 5.3592448239214718342e-05 5.3224950534058734775e-05 5.2820658311247825623e-05 5.238081212155520916e-05 5.1906703447457402945e-05 5.1399671065155416727e-05 5.0861050112871453166e-05 5.0292186642764136195e-05 4.969443034497089684e-05 4.9069101805798709393e-05 4.8417499783681705594e-05 4.7740904847159981728e-05 4.70405429950915277e-05 4.6317614760482683778e-05 4.5573266106657683849e-05 4.4808599341195076704e-05
5.2893821703037247062e-05 5.3389638196676969528e-05 5.3850781114306300879e-05 5.4275838920148089528e-05 5.4663429182255640626e-05 5.5012245866237208247e-05 5.5321044783340767026e-05 5.5588690884178504348e-05 5.581415825872682035e-05 5.5996562878135591745e-05 5.6135173508664593101e-05 5.6229408073704689741e-05 5.6278884585481137037e-05 5.6283384765265509486e-05 5.6242894061142578721e-05 5.6157583458116278052e-05 5.602781311608850956e-05 5.585410690400749445e-05 5.5637185141677036881e-05 5.5377899116137996316e-05 5.5077241995604708791e-05 5.4736334277549758554e-05 5.4356394684873521328e-05 5.3938729251967743039e-05 5.3484684030991047621e-05 5.2995688747614622116e-05 5.2473173127509653568e-05 5.1918585086241364479e-05 5.1333376177353784442e-05 5.0718983402475714684e-05 5.0076818297384306788e-05 4.9408266932005062699e-05 4.8714660806581377983e-05 4.7997313231462612748e-05 4.7257461119443178177e-05 4.6496308641508221626e-05 4.5715005398960784078e-05
5.3972289606463164091e-05 5.4483985877595841885e-05 5.4960339184617623687e-05 5.5399792472599074244e-05 5.5800850532250478864e-05 5.6162065448006615043e-05 5.6482080253772437572e-05 5.6759625294944271445e-05 5.6993569160113111138e-05 5.7182925957022234797e-05 5.7326866226503625512e-05 5.7424760598223656416e-05 5.7476161600789055228e-05 5.7480836403556168079e-05 5.7438770454609766603e-05 5.7350145652890205383e-05 5.7215365814045071602e-05 5.7035038480535149574e-05 5.6809934903867542744e-05 5.6541022786404937506e-05 5.6229408073704689741e-05 5.5876327678561210632e-05 5.548312037717550993e-05 5.5051226809155195951e-05 5.45821385458111763e-05 5.4077379900263622403e-05 5.3538526117336004972e-05 5.2967134251957759261e-05 5.2364772272994741797e-05 5.1732975407503545284e-05 5.1073235226795077324e-05 5.0387036026222631335e-05 4.967578206560574472e-05 4.8940841224975883961e-05 4.8183515900745987892e-05 4.7405057557625696063e-05 4.6606659452663734555e-05
5.5042557505657896399e-05 5.557106851483695209e-05 5.6063559895846992731e-05 5.6518343626521527767e-05 5.6933771702460944653e-05 5.73082579649053514e-05 5.7640289014670997858e-05 5.79284715058747679e-05 5.8171539421891793609e-05 5.8368383179185912013e-05 5.8518086007097736001e-05 5.8619931223802268505e-05 5.8673413150245323777e-05 5.8678284403868019581e-05 5.8634504966903477907e-05 5.8542300394037738442e-05 5.8402121794642880559e-05 5.8214638556819409132e-05 5.7980734709417447448e-05 5.770147981820628047e-05 5.7378107158001512289e-05 5.7011995522771030664e-05 5.6604625569889321923e-05 5.6157583458116278052e-05 5.5672502639936283231e-05 5.515106386155821383e-05 5.4594955145148560405e-05 5.4005882702767848969e-05 5.3385509090730920434e-05 5.2735493227373808622e-05 5.2057424909435212612e-05 5.1352861191844567657e-05 5.0623297283891588449e-05 4.9870151997311040759e-05 4.9094800488092005253e-05 4.8298534238710999489e-05 4.7482586523983627558e-05
5.6103821407305076718e-05 5.6650133046787232161e-05 5.7159770221915096045e-05 5.7630888477433472872e-05 5.8061679737875238061e-05 5.8450383221497759223e-05 5.8795336371986195445e-05 5.9094978496432304382e-05 5.9347887145122513175e-05 5.9552832681220024824e-05 5.9708767366828396916e-05 5.9814890846610069275e-05 5.9870639233849942684e-05 5.9875714214285835624e-05 5.983008668408729136e-05 5.9734000387834385037e-05 5.9587968280538916588e-05 5.9392750699771568179e-05 5.9149340813746675849e-05 5.8858939155470579863e-05 5.8522924518911167979e-05 5.8142839407082647085e-05 5.7720328186405822635e-05 5.7257133448729291558e-05 5.6755055993562564254e-05 5.6215925724245607853e-05 5.5641598009970039129e-05 5.5033895478118211031e-05 5.4394626204157248139e-05 5.372554369387216866e-05 5.3028350521344691515e-05 5.2304691052995622158e-05 5.1556140533648431301e-05 5.0784186896635219455e-05 4.9990259867627173662e-05 4.9175694584846496582e-05 4.8341753426939249039e-05
5.7155142712872475386e-05 5.7720328186405822635e-05 5.8248202549293637276e-05 5.8736753999255597591e-05 5.9183988923905417323e-05 5.9587968280538916588e-05 5.994683306198567152e-05 6.0258847952354699373e-05 6.0522412240970879793e-05 6.0736136219929903746e-05 6.0898848460055887699e-05 6.1009624914731830359e-05 6.1067832575645297766e-05 6.10731294727884233e-05 6.1025482864351943135e-05 6.0925180150661617517e-05 6.0772796132368966937e-05 6.0569185734493657947e-05 6.031548400642350316e-05 6.0013037000317126513e-05 5.9663412685040384531e-05 5.9268306358717381954e-05 5.8829566114582121372e-05 5.8349120081402361393e-05 5.7828954595606774092e-05 5.7271066907560452819e-05 5.6677472457522526383e-05 5.6050146667985245585e-05 5.53910322196315974e-05 5.470200630952604115e-05 5.398488065111450851e-05 5.3241383284330368042e-05 5.2473173127509653568e-05 5.1681796321645379066e-05 5.0868744438048452139e-05 5.0035392632707953453e-05 4.9183054215973243117e-05
5.819547732244245708e-05 5.8780678955372422934e-05 5.9327972849132493138e-05 5.9835150750586763024e-05 6.0300026234472170472e-05 6.0720441979356110096e-05 6.1094331613276153803e-05 6.141973426565527916e-05 6.1694867326878011227e-05 6.1918144638184458017e-05 6.2088234699331223965e-05 6.2204089772421866655e-05 6.226498953765258193e-05 6.2270526541396975517e-05 6.2220678955782204866e-05 6.2115774198900908232e-05 6.1956459830980747938e-05 6.1743718106299638748e-05 6.1478836869355291128e-05 6.1163344071246683598e-05 6.0799007769674062729e-05 6.038773426553234458e-05 5.9931579016847535968e-05 5.9432688431115821004e-05 5.8893241657642647624e-05 5.8315446949563920498e-05 5.770147981820628047e-05 5.7053483033087104559e-05 5.6373544794041663408e-05 5.5663669627392664552e-05 5.4925778385950252414e-05 5.4161690059117972851e-05 5.3373136324808001518e-05 5.256173972156830132e-05 5.1729035476455464959e-05 5.0876442401204258204e-05 5.0005299272015690804e-05
5.9223635616945102811e-05 5.983008668408729136e-05 6.0398066125344485044e-05 6.0925180150661617517e-05 6.1409002228174358606e-05 6.1847145843785256147e-05 6.2237289967015385628e-05 6.2577237258665263653e-05 6.286496500251814723e-05 6.309866876108571887e-05 6.327683513518422842e-05 6.3398256315849721432e-05 6.3462095567956566811e-05 6.3467909058090299368e-05 6.341564585454761982e-05 6.3305691583082079887e-05 6.3138795667327940464e-05 6.2916078604757785797e-05 6.2639024690724909306e-05 6.2309358327183872461e-05 6.192908767843618989e-05 6.1500359151978045702e-05 6.1025482864351943135e-05 6.0506841691676527262e-05 5.994683306198567152e-05 5.9347887145122513175e-05 5.8712375903269276023e-05 5.8042613090947270393e-05 5.7340828789165243506e-05 5.6609173043398186564e-05 5.584966856986284256e-05 5.5064236221369355917e-05 5.4254673159448429942e-05 5.3422671044245362282e-05 5.2569805120583623648e-05 5.1697537855943664908e-05 5.0807229854399338365e-05
6.0238278820179402828e-05 6.0867278079967945814e-05 6.1457329138647764921e-05 6.2005790823604911566e-05 6.2510007410310208797e-05 6.2967301346361637115e-05 6.337508239084854722e-05 6.3730869442224502563e-05 6.4032363297883421183e-05 6.4277497585862874985e-05 6.4464533352293074131e-05 6.4592073613312095404e-05 6.465915794251486659e-05 6.4665262470953166485e-05 6.461035081883892417e-05 6.44948377157561481e-05 6.431960355257615447e-05 6.4085958001669496298e-05 6.3795581809245049953e-05 6.3450475863646715879e-05 6.3052902987692505121e-05 6.2605300627183169127e-05 6.2110266298986971378e-05 6.1570433899760246277e-05 6.0988488257862627506e-05 6.036707054590806365e-05 5.9708767366828396916e-05 5.9016081650042906404e-05 5.829141082358546555e-05 5.7537021348252892494e-05 5.6755055993562564254e-05 5.5947522923815995455e-05 5.5116306612035259604e-05 5.4263135098153725266e-05 5.3389638196676969528e-05 5.24973038409370929e-05 5.1587514462880790234e-05
6.1237878981046378613e-05 6.189081614138558507e-05 6.2504412198904901743e-05 6.3075771322473883629e-05 6.3601954025216400623e-05 6.4079998992383480072e-05 6.4506974013056606054e-05 6.4880056015681475401e-05 6.5196647483389824629e-05 6.5454361902084201574e-05 6.5651176555547863245e-05 6.5785490733105689287e-05 6.5856162109412252903e-05 6.5862594055943191051e-05 6.5804735640995204449e-05 6.5683081629686057568e-05 6.5498650656081736088e-05 6.5252970671281218529e-05 6.4947977080009877682e-05 6.4585983636789023876e-05 6.4169573306571692228e-05 6.370151095325127244e-05 6.3184721511788666248e-05 6.2622159020975232124e-05 6.2016777519602328539e-05 6.1371472838800400496e-05 6.0689075326081365347e-05 5.9972277085762470961e-05 5.9223635616945102811e-05 5.844555562362074852e-05 5.7640289014670997858e-05 5.6809934903867542744e-05 5.5956435971893370152e-05 5.5081582104321569204e-05 5.418702494353055954e-05 5.3274277888704091311e-05 5.2344734285725280643e-05
