01_EFForTS-ABM/tests_integration/01_unittest/globalimpact/output/deg_sum_c_globalimpact.asc
ncols        100
nrows        100
xllcorner    212461.033820999990
yllcorner    9753254.946558000520
cellsize     50.000000000000
NODATA_value  -3.4028234663852885981e+38
[rows 32 to 47 of 100, columns 37 to 73 of 100]
6.2220678955782204866e-05 6.289903103606775403e-05 6.3537758251186460257e-05 6.4133695559576153755e-05 6.4683597884140908718e-05 6.5184147388208657503e-05 6.5632055338937789202e-05 6.6024113039020448923e-05 6.6357322793919593096e-05 6.6628927015699446201e-05 6.683659012196585536e-05 6.6978427639696747065e-05 6.7053100792691111565e-05 6.7059903813060373068e-05 6.699876394122838974e-05 6.6870277805719524622e-05 6.6675645939540117979e-05 6.6416650952305644751e-05 6.6095555666834115982e-05 6.5715030359569936991e-05 6.5278043621219694614e-05 6.4787760493345558643e-05 6.4247469708789139986e-05 6.3660474552307277918e-05 6.303004920482635498e-05 6.2359373259823769331e-05 6.1651517171412706375e-05 6.0909376770723611116e-05 6.0135673265904188156e-05 5.9332953242119401693e-05 5.8503566833678632975e-05 5.7649696827866137028e-05 5.6773336837068200111e-05 5.5876327678561210632e-05 5.4960339184617623687e-05 5.4026895668357610703e-05 5.3077397751621901989e-05
6.3184721511788666248e-05 6.3890016463119536638e-05 6.4555562858004122972e-05 6.5177904616575688124e-05 6.5753432863857597113e-05 6.6278458689339458942e-05 6.6749264078680425882e-05 6.7162189225200563669e-05 6.7513770773075520992e-05 6.7800814576912671328e-05 6.802057032473385334e-05 6.8170811573509126902e-05 6.8249959440436214209e-05 6.8257169914431869984e-05 6.8192362959962338209e-05 6.8056237068958580494e-05 6.7850232881028205156e-05 6.757643859600648284e-05 6.7237517214380204678e-05 6.683659012196585536e-05 6.6377077018842101097e-05 6.5862594055943191051e-05 6.5296866523567587137e-05 6.4683597884140908718e-05 6.402641156455501914e-05 6.3328800024464726448e-05 6.25940738245844841e-05 6.182533979881554842e-05 6.1025482864351943135e-05 6.0197191487532109022e-05 5.934290675213560462e-05 5.8464876929065212607e-05 5.7565150200389325619e-05 5.6645581935299560428e-05 5.5707860155962407589e-05 5.4753512813476845622e-05 5.3783933253725990653e-05
6.4127721998374909163e-05 6.4861567807383835316e-05 6.5555723267607390881e-05 6.6206419433001428843e-05 6.6809683630708605051e-05 6.7361375840846449137e-05 6.7857297835871577263e-05 6.829326594015583396e-05 6.8665249273180961609e-05 6.8969522544648498297e-05 6.9202833401504904032e-05 6.9362526119221001863e-05 6.9446723500732332468e-05 6.9454392360057681799e-05 6.9385452661663293839e-05 6.9240733864717185497e-05 6.9021960371173918247e-05 6.8731627834495157003e-05 6.8372901296243071556e-05 6.7949418735224753618e-05 6.7465160100255161524e-05 6.6924279963131994009e-05 6.6330998379271477461e-05 6.5689462644513696432e-05 6.5003696363419294357e-05 6.4277497585862874985e-05 6.3514453358948230743e-05 6.2717874243389815092e-05 6.189081614138558507e-05 6.1036065744701772928e-05 6.0156166000524535775e-05 5.925340883550234139e-05 5.832987153553403914e-05 5.7387431297684088349e-05 5.642776886816136539e-05 5.5452397646149620414e-05 5.4462689149659126997e-05
6.5047119278460741043e-05 6.5811160311568528414e-05 6.6535802034195512533e-05 6.7216948082204908133e-05 6.7850232881028205156e-05 6.8431028921622782946e-05 6.8954570451751351357e-05 6.9416062615346163511e-05 6.98108124197460711e-05 7.0134439738467335701e-05 7.0383044658228754997e-05 7.0553447585552930832e-05 7.0643371145706623793e-05 7.0651571149937808514e-05 7.057793118292465806e-05 7.0423469878733158112e-05 7.0190275437198579311e-05 6.9881360104773193598e-05 6.9500500103458762169e-05 6.9051988248247653246e-05 6.8540466600097715855e-05 6.797074456699192524e-05 6.7347580625209957361e-05 6.6675645939540117979e-05 6.5959364292211830616e-05 6.5202897530980408192e-05 6.4410080085508525372e-05 6.3584433519281446934e-05 6.2729159253649413586e-05 6.1847145843785256147e-05 6.0940994444536045194e-05 6.0013037000317126513e-05 5.9065368986921384931e-05 5.809984213556163013e-05 5.711813355446793139e-05 5.6121734814951196313e-05 5.5111959227360785007e-05
6.5939981141127645969e-05 6.6735861764755100012e-05 6.7492925154510885477e-05 6.8206747528165578842e-05 6.8872526753693819046e-05 6.9485118729062378407e-05 7.0039117417763918638e-05 7.0529007643926888704e-05 7.0949296059552580118e-05 7.1294765803031623363e-05 7.1560760261490941048e-05 7.1743401349522173405e-05 7.1839887823443859816e-05 7.1848684456199407578e-05 7.1769660280551761389e-05 7.1604059485252946615e-05 7.135445775929838419e-05 7.1024529461283236742e-05 7.0618800236843526363e-05 7.0142406912054866552e-05 6.9600777351297438145e-05 6.8999470386188477278e-05 6.8343906605150550604e-05 6.7639295593835413456e-05 6.6890512243844568729e-05 6.6102060372941195965e-05 6.5278043621219694614e-05 6.4422172727063298225e-05 6.3537758251186460257e-05 6.2627776060253381729e-05 6.1694867326878011227e-05 6.0741371271433308721e-05 5.9769365179818123579e-05 5.8780678955372422934e-05 5.7776953326538205147e-05 5.6759625294944271445e-05 5.5729979067109525204e-05
6.6802960645873099566e-05 6.7632303398568183184e-05 6.842375296400859952e-05 6.9172572693787515163e-05 6.9873509346507489681e-05 7.0520865847356617451e-05 7.1108515840023756027e-05 7.1630100137554109097e-05 7.207916496554389596e-05 7.2449496656190603971e-05 7.2735412686597555876e-05 7.2932147304527461529e-05 7.3036222602240741253e-05 7.3045725002884864807e-05 7.2960458055604249239e-05 7.2782029747031629086e-05 7.2513605118729174137e-05 7.2159724368248134851e-05 7.1725917223375290632e-05 7.1218324592337012291e-05 7.0643371145706623793e-05 7.0007459726184606552e-05 6.9316760345827788115e-05 6.8577086494769901037e-05 6.7793771449942141771e-05 6.6971646447200328112e-05 6.6115077061112970114e-05 6.5227919549215584993e-05 6.4313586335629224777e-05 6.337508239084854722e-05 6.2415063439402729273e-05 6.1435843235813081264e-05 6.0439455410232767463e-05 5.9427693486213684082e-05 5.8402121794642880559e-05 5.7364119129488244653e-05 5.6314911489607766271e-05
6.7632303398568183184e-05 6.849662167951464653e-05 6.9324378273449838161e-05 7.0110560045577585697e-05 7.0849484473001211882e-05 7.1534828748553991318e-05 7.2159724368248134851e-05 7.2716808062978088856e-05 7.3198491008952260017e-05 7.3597293521743267775e-05 7.3906237957999110222e-05 7.4119394412264227867e-05 7.4232346378266811371e-05 7.4242656410206109285e-05 7.4150106229353696108e-05 7.3956696724053472281e-05 7.3666473326738923788e-05 7.3285118560306727886e-05 7.2819420893210917711e-05 7.2276809078175574541e-05 7.1664879214949905872e-05 7.0991052780300378799e-05 7.0262321969494223595e-05 6.9485118729062378407e-05 6.8665249273180961609e-05 6.7807872255798429251e-05 6.691752787446603179e-05 6.5998188802041113377e-05 6.5053332946263253689e-05 6.4085958001669496298e-05 6.309866876108571887e-05 6.2093742599245160818e-05 6.10731294727884233e-05 6.0038542869733646512e-05 5.8991474361391738057e-05 5.7933219068218022585e-05 5.686491203960031271e-05
6.842375296400859952e-05 6.9324378273449838161e-05 7.0190275437198579311e-05 7.1016154834069311619e-05 7.179595559136942029e-05 7.2522780101280659437e-05 7.3188894020859152079e-05 7.378585723927244544e-05 7.4304705776739865541e-05 7.4736373790074139833e-05 7.5072210165672004223e-05 7.5304713391233235598e-05 7.5428193667903542519e-05 7.5439478678163141012e-05 7.5338270107749849558e-05 7.5127194577362388372e-05 7.4811468948610126972e-05 7.4398303695488721132e-05 7.389616803266108036e-05 7.3314105975441634655e-05 7.2661125159356743097e-05 7.1945796662475913763e-05 7.1176007622852921486e-05 7.0358830271288752556e-05 6.9500500103458762169e-05 6.8606430431827902794e-05 6.7681306973099708557e-05 6.6729160607792437077e-05 6.5753432863857597113e-05 6.4757077780086547136e-05 6.374262738972902298e-05 6.2712235376238822937e-05 6.1667771660722792149e-05 6.0610829677898436785e-05 5.9542802773648872972e-05 5.8464876929065212607e-05 5.7378107158001512289e-05
6.9172572693787515163e-05 7.0110560045577585697e-05 7.1016154834069311619e-05 7.1883929194882512093e-05 7.2707509389147162437e-05 7.3479452112223953009e-05 7.419116445817053318e-05 7.4832998507190495729e-05 7.5394396844785660505e-05 7.5864314567297697067e-05 7.6231917773839086294e-05 7.6487522164825350046e-05 7.6623677159659564495e-05 7.663613359909504652e-05 7.6524498581420630217e-05 7.6292271842248737812e-05 7.5946350989397615194e-05 7.5496056524571031332e-05 7.4952062277588993311e-05 7.4325449531897902489e-05 7.3626899393275380135e-05 7.2866285336203873158e-05 7.2052403993438929319e-05 7.1192924224305897951e-05 7.0294430770445615053e-05 6.9362526119221001863e-05 6.8401939643081277609e-05 6.7416658566799014807e-05 6.6410051658749580383e-05 6.5384927438572049141e-05 6.4343694248236715794e-05 6.3288374803960323334e-05 6.2220678955782204866e-05 6.1142098275013267994e-05 6.0053858760511502624e-05 5.8957059081876650453e-05 5.7852616009768098593e-05
6.9873509346507489681e-05 7.0849484473001211882e-05 7.179595559136942029e-05 7.2707509389147162437e-05 7.3577582952566444874e-05 7.4398303695488721132e-05 7.5160292908549308777e-05 7.5852636655326932669e-05 7.646293670404702425e-05 7.6977739809080958366e-05 7.738330896245315671e-05 7.7666976721957325935e-05 7.7818673162255436182e-05 7.7832570241298526525e-05 7.7708129538223147392e-05 7.745016773696988821e-05 7.7068019891157746315e-05 7.6573975093197077513e-05 7.5981683039572089911e-05 7.5304713391233235598e-05 7.4555726314429193735e-05 7.3745955887716263533e-05 7.2885071858763694763e-05 7.1981252403929829597e-05 7.1041293267626315355e-05 7.0070840592961758375e-05 6.9074536440894007683e-05 6.8056237068958580494e-05 6.7019122070632874966e-05 6.5965832618530839682e-05 6.4898566051851958036e-05 6.3819155911915004253e-05 6.2729159253649413586e-05 6.1629871197510510683e-05 6.0522412240970879793e-05 5.940772462054155767e-05 5.8286608691560104489e-05
7.0520865847356617451e-05 7.1534828748553991318e-05 7.2522780101280659437e-05 7.3479452112223953009e-05 7.4398303695488721132e-05 7.5271243986207991838e-05 7.6088283094577491283e-05 7.6837313827127218246e-05 7.7503958891611546278e-05 7.8071825555525720119e-05 7.8523415140807628632e-05 7.8841789218131452799e-05 7.9012977948877960443e-05 7.9028701293282210827e-05 7.8888166171964257956e-05 7.859825564082711935e-05 7.8172008215915411711e-05 7.762597670080140233e-05 7.6977739809080958366e-05 7.6243966759648174047e-05 7.5439478678163141012e-05 7.4576855695340782404e-05 7.3666473326738923788e-05 7.2716808062978088856e-05 7.1734655648469924927e-05 7.0725523983128368855e-05 6.9693836849182844162e-05 6.8643174017779529095e-05 6.757643859600648284e-05 6.6496009822003543377e-05 6.5403844928368926048e-05 6.4301551901735365391e-05 6.3190469518303871155e-05 6.2071725551504641771e-05 6.0946269513806328177e-05 5.9814890846610069275e-05 5.8678284403868019581e-05
7.1108515840023756027e-05 7.2159724368248134851e-05 7.3188894020859152079e-05 7.419116445817053318e-05 7.5160292908549308777e-05 7.6088283094577491283e-05 7.696489774389192462e-05 7.7777076512575149536e-05 7.8508513979613780975e-05 7.913952867966145277e-05 7.9647688835393637419e-05 8.0009951489046216011e-05 8.0206300481222569942e-05 8.0224395787809044123e-05 8.006302232388406992e-05 7.9732526501175016165e-05 7.9251738497987389565e-05 7.8643446613568812609e-05 7.7930410043336451054e-05 7.7132957812864333391e-05 7.6268093835096806288e-05 7.5349475082475692034e-05 7.43878699722699821e-05 7.3391682235524058342e-05 7.2367460234090685844e-05 7.1320318966172635555e-05 7.0254296588245779276e-05 6.9172572693787515163e-05 6.8077672040089964867e-05 6.6971646447200328112e-05 6.5856162109412252903e-05 6.4732557802926748991e-05 6.3601954025216400623e-05 6.2465282098855823278e-05 6.1323305999394506216e-05 6.0176669649081304669e-05 5.9025933296652510762e-05
7.1630100137554109097e-05 7.2716808062978088856e-05 7.378585723927244544e-05 7.4832998507190495729e-05 7.5852636655326932669e-05 7.6837313827127218246e-05 7.7777076512575149536e-05 7.8658551501575857401e-05 7.9463963629677891731e-05 8.0170240835286676884e-05 8.0748905020300298929e-05 8.1168123870156705379e-05 8.1398109614383429289e-05 8.1419399066362529993e-05 8.1230085925199091434e-05 8.0846533819567412138e-05 8.0297169915866106749e-05 7.9613993875682353973e-05 7.8826378739904612303e-05 7.7958538895472884178e-05 7.7029231761116534472e-05 7.6052652730140835047e-05 7.5039337389171123505e-05 7.3997194704134017229e-05 7.2932147304527461529e-05 7.1848684456199407578e-05 7.0750247687101364136e-05 6.9639492721762508154e-05 6.8518529587890952826e-05 6.7389002651907503605e-05 6.6252243414055556059e-05 6.5109306888189166784e-05 6.3961088017094880342e-05 6.2808292568661272526e-05 6.1651517171412706375e-05 6.0491274780360981822e-05 5.9327972849132493138e-05
7.207916496554389596e-05 7.3198491008952260017e-05 7.4304705776739865541e-05 7.5394396844785660505e-05 7.646293670404702425e-05 7.7503958891611546278e-05 7.8508513979613780975e-05 7.9463963629677891731e-05 8.0352212535217404366e-05 8.1147591117769479752e-05 8.1815000157803297043e-05 8.2310354628134518862e-05 8.258742309408262372e-05 8.2613296399358659983e-05 8.238459849962964654e-05 8.1929363659583032131e-05 8.1292615504935383797e-05 8.0519690527580678463e-05 7.9647688835393637419e-05 7.8704026236664503813e-05 7.7708129538223147392e-05 7.6673590228892862797e-05 7.5609968916978687048e-05 7.4524097726680338383e-05 7.342088065342977643e-05 7.230394840007647872e-05 7.1176007622852921486e-05 7.0039117417763918638e-05 6.8894871219526976347e-05 6.7744491389021277428e-05 6.6588967456482350826e-05 6.5429085225332528353e-05 6.4265484979841858149e-05 6.309866876108571887e-05 6.192908767843618989e-05 6.0757076425943523645e-05 5.9582944231806322932e-05
7.2449496656190603971e-05 7.3597293521743267775e-05 7.4736373790074139833e-05 7.5864314567297697067e-05 7.6977739809080958366e-05 7.8071825555525720119e-05 7.913952867966145277e-05 8.0170240835286676884e-05 8.1147591117769479752e-05 8.2045859016943722963e-05 8.2824837591033428907e-05 8.3425045886542648077e-05 8.3772210928145796061e-05 8.380514918826520443e-05 8.3517144958022981882e-05 8.2961436419282108545e-05 8.2212813140358775854e-05 8.1334612332284450531e-05 8.0370642535854130983e-05 7.9349054431077092886e-05 7.8287746873684227467e-05 7.7198288636282086372e-05 7.6088283094577491283e-05 7.4962947110179811716e-05 7.3825867730192840099e-05 7.2679657023400068283e-05 7.1526199462823569775e-05 7.0366899308282881975e-05 6.9202833401504904032e-05 6.8034831201657652855e-05 6.686354026896879077e-05 6.5689462644513696432e-05 6.4513042161706835032e-05 6.3334577134810388088e-05 6.2154373154044151306e-05 6.0972648498136550188e-05 5.9789592341985553503e-05
7.2735412686597555876e-05 7.3906237957999110222e-05 7.5072210165672004223e-05 7.6231917773839086294e-05 7.738330896245315671e-05 7.8523415140807628632e-05 7.9647688835393637419e-05 8.0748905020300298929e-05 8.1815000157803297043e-05 8.2824837591033428907e-05 8.3739520050585269928e-05 8.4486928244587033987e-05 8.4947438153903931379e-05 8.4992643678560853004e-05 8.4606566815637052059e-05 8.390549919568002224e-05 8.301709021907299757e-05 8.2022386777680367231e-05 8.0965444794856011868e-05 7.9870078479871153831e-05 7.8749719250481575727e-05 7.7612348832190036774e-05 7.646293670404702425e-05 7.5304713391233235598e-05 7.4139861681032925844e-05 7.2969909524545073509e-05 7.179595559136942029e-05 7.0618800236843526363e-05 6.9439054641406983137e-05 6.8257169914431869984e-05 6.7073517129756510258e-05 6.5888358221855014563e-05 6.4701947849243879318e-05 6.3514453358948230743e-05 6.2326020270120352507e-05 6.1136786825954914093e-05 5.994683306198567152e-05
