ncols        100
nrows        100
xllcorner    212461.033820999990
yllcorner    9753254.946558000520
cellsize     50.000000000000
NODATA_value  -3.4028234663852885981e+38
 4.1377011257281992584e-06 4.9802169996837619692e-06 5.8139339671470224857e-06 6.6385819081915542483e-06 7.453881607943912968e-06 8.2595479398150928319e-06 9.0552866822690702975e-06 9.8407945188228040934e-06 1.0615760402288287878e-05 1.1379866009519901127e-05 1.2132782103435602039e-05 1.2874174899479839951e-05 1.3603698789665941149e-05 1.4321002709039021283e-05 1.502572831668658182e-05 1.5717505448265001178e-05 1.6395963029935956001e-05 1.7060716345440596342e-05 1.7711379769025370479e-05 1.8347556761000305414e-05 1.8968848962686024606e-05 1.957485437742434442e-05 2.0165161913610063493e-05 2.0739356841659173369e-05 2.1297028069966472685e-05 2.1837755411979742348e-05 2.2361122319125570357e-05 2.286671224283054471e-05 2.3354106815531849861e-05 2.3822894945624284446e-05 2.4272663722513243556e-05 2.4703012968529947102e-05 2.511354068701621145e-05 2.5503859433229081333e-05 2.5873590857372619212e-05 2.6222358428640291095e-05 2.6549816539045423269e-05 2.6855617761611938477e-05 2.7139434678247198462e-05 2.7400963517720811069e-05 2.7639913241728208959e-05 2.7856018277816474438e-05 2.8049027605447918177e-05 2.8218717488925904036e-05 2.8364895115373656154e-05 2.8487382223829627037e-05 2.8586035114130936563e-05 2.8660735551966354251e-05 2.8711392587865702808e-05 2.8737944376189261675e-05 2.8740358175127767026e-05 2.8718633984681218863e-05 2.8672791813733056188e-05 2.8602897145901806653e-05 2.8509022740763612092e-05 2.8391292289597913623e-05 2.824984039762057364e-05 2.8084836230846121907e-05 2.7896474421140737832e-05 2.7684973247232846916e-05 2.7450569177744910121e-05 2.7193535061087459326e-05 2.6914149202639237046e-05 2.6612719011609442532e-05 2.6289568268111906946e-05 2.5945029847207479179e-05 2.5579465727787464857e-05 2.5193234250764362514e-05 2.4786715584923513234e-05 2.4360302631976082921e-05 2.3914382836665026844e-05 2.3449367290595546365e-05 2.2965659809415228665e-05 2.2463675122708082199e-05 2.1943829779047518969e-05 2.140654214599635452e-05 2.085222695313859731e-05 2.0281302568037062883e-05 1.9694185539265163243e-05 1.9091286958428099751e-05 1.8473019736120477319e-05 1.7839785869000479579e-05 1.7191989172715693712e-05 1.6530022548977285624e-05 1.5854275261517614126e-05 1.5165131117100827396e-05 1.4462966646533459425e-05 1.3748149285675026476e-05 1.3021040103922132403e-05 1.2281993804208468646e-05 1.1531354175531305373e-05 1.0769461368909105659e-05 9.9966418929398059845e-06 9.2132167992531321943e-06 8.4194998635211959481e-06 7.6157953117217402905e-06 6.8023982748854905367e-06 5.9795979723276104778e-06 5.1476727094268426299e-06 4.3068957893410697579e-06
 4.9802169996837619692e-06 5.8313567024015355855e-06 6.6737829911289736629e-06 7.5072243816975969821e-06 8.3313971117604523897e-06 9.1460124167497269809e-06 9.9507715276558883488e-06 1.0745367944764439017e-05 1.1529482435435056686e-05 1.2302793038543313742e-05 1.3064965060038957745e-05 1.3815655620419420302e-05 1.4554511835740413517e-05 1.5281177184078842402e-05 1.5995277863112278283e-05 1.6696443708497099578e-05 1.7384285456500947475e-05 1.8058413843391463161e-05 1.8718426872510462999e-05 1.9363918909220956266e-05 1.9994477042928338051e-05 2.0609684725059196353e-05 2.1209116312093101442e-05 2.1792346160509623587e-05 2.2358941350830718875e-05 2.2908472601557150483e-05 2.3440499717253260314e-05 2.3954589778441004455e-05 2.4450309865642338991e-05 2.4927225240389816463e-05 2.5384908440173603594e-05 2.5822939278441481292e-05 2.6240892111673019826e-05 2.6638364943210035563e-05 2.7014955776394344866e-05 2.737027716648299247e-05 2.7703950763680040836e-05 2.8015621865051798522e-05 2.8304944862611591816e-05 2.8571590519277378917e-05 2.8815253244829364121e-05 2.9035652914899401367e-05 2.9232527595013380051e-05 2.9405638997559435666e-05 2.9554776119766756892e-05 2.9679757062694989145e-05 2.9780423574266023934e-05 2.9856655601179227233e-05 2.990835309901740402e-05 2.9935450584162026644e-05 2.9937915314803831279e-05 2.9915741833974607289e-05 2.9868959245504811406e-05 2.979762939503416419e-05 2.9701839594054035842e-05 2.9581709895865060389e-05 2.943738945759832859e-05 2.926905654021538794e-05 2.9076918508508242667e-05 2.8861204555141739547e-05 2.8622169338632375002e-05 2.8360094802337698638e-05 2.8075284717488102615e-05 2.7768057407229207456e-05 2.7438756660558283329e-05 2.7087733542430214584e-05 2.6715366402640938759e-05 2.632203904795460403e-05 2.5908146199071779847e-05 2.5474100766587071121e-05 2.502031566109508276e-05 2.4547211069148033857e-05 2.4055218091234564781e-05 2.3544767827843315899e-05 2.301629137946292758e-05 2.2470227122539654374e-05 2.1907009795540943742e-05 2.1327072317944839597e-05 2.0730845790239982307e-05 2.011876131291501224e-05 1.9491237253532744944e-05 1.8848699255613610148e-05 1.8191556591773405671e-05 1.7520220353617332876e-05 1.6835090718814171851e-05 1.6136558770085684955e-05 1.5425013771164231002e-05 1.4700832252856343985e-05 1.3964384379505645484e-05 1.3216032130003441125e-05 1.2456129297788720578e-05 1.1685019671858754009e-05 1.0903039765253197402e-05 1.0110514267580583692e-05 9.3077624114812351763e-06 8.4950943346484564245e-06 7.6728083513444289565e-06 6.8411991378525272012e-06 6.0005481827829498798e-06 5.1511292440409306437e-06
 5.8139339671470224857e-06 6.6737829911289736629e-06 7.5250127338222227991e-06 8.3673457993427291512e-06 9.2004984253435395658e-06 1.0024175935541279614e-05 1.0838076377694960684e-05 1.164188779512187466e-05 1.2435288226697593927e-05 1.3217947525845374912e-05 1.3989523722557350993e-05 1.4749669389857444912e-05 1.5498026186833158135e-05 1.6234223949140869081e-05 1.695788705546874553e-05 1.7668628061073832214e-05 1.8366054064244963229e-05 1.9049757611355744302e-05 1.9719333067769184709e-05 2.0374358427943661809e-05 2.1014408048358745873e-05 2.1639049009536392987e-05 2.2247844754019752145e-05 2.2840351448394358158e-05 2.34161198022775352e-05 2.397470234427601099e-05 2.4515644327038899064e-05 2.5038492822204716504e-05 2.5542796720401383936e-05 2.6028099455288611352e-05 2.6493957193451933563e-05 2.6939922463498078287e-05 2.7365558707970194519e-05 2.7770434826379641891e-05 2.815413063217420131e-05 2.8516238671727478504e-05 2.8856366043328307569e-05 2.9174125302233733237e-05 2.9469158107531256974e-05 2.9741118851234205067e-05 2.9989683753228746355e-05 3.0214550861273892224e-05 3.0415445507969707251e-05 3.0592116672778502107e-05 3.0744333344046026468e-05 3.0871909984853118658e-05 3.0974679248174652457e-05 3.1052506528794765472e-05 3.1105286325328052044e-05 3.1132953154155984521e-05 3.1135470635490491986e-05 3.1112831493373960257e-05 3.1065068469615653157e-05 3.0992243409855291247e-05 3.0894454539520666003e-05 3.0771825549891218543e-05 3.0624520150013267994e-05 3.0452725695795379579e-05 3.025665682798717171e-05 3.0036562748136930168e-05 2.979271266667637974e-05 2.9525408535846509039e-05 2.9234959583845920861e-05 2.8921716875629499555e-05 2.8586035114130936563e-05 2.8228292649146169424e-05 2.7848880563396960497e-05 2.7448208129499107599e-05 2.7026690077036619186e-05 2.6584753868519328535e-05 2.6122839699382893741e-05 2.5641391403041779995e-05 2.5140852812910452485e-05 2.4621678676339797676e-05 2.4084318283712491393e-05 2.3529226382379420102e-05 2.2956859538680873811e-05 2.2367663405020721257e-05 2.1762090909760445356e-05 2.1140582248335704207e-05 2.0503581254160962999e-05 1.9851517208735458553e-05 1.9184817574569024146e-05 1.8503904357203282416e-05 1.7809192286222241819e-05 1.7101081539294682443e-05 1.6379970475099980831e-05 1.5646250176359899342e-05 1.4900296264386270195e-05 1.41424779940280132e-05 1.3373160072660539299e-05 1.2592689927259925753e-05 1.1801410437328740954e-05 1.0999656296917237341e-05 1.0187747648160438985e-05 9.3660009952145628631e-06 8.5347201093100011349e-06 7.6941996667301282287e-06 6.8447275225480552763e-06 5.9865810726478230208e-06
 6.6385819081915542483e-06 7.5072243816975969821e-06 8.3673457993427291512e-06 9.2186683104955591261e-06 1.0060904060082975775e-05 1.089375564333749935e-05 1.1716916560544632375e-05 1.2530069398053456098e-05 1.333288855676073581e-05 1.4125037523626815528e-05 1.4906170690665021539e-05 1.5675932445446960628e-05 1.6433952623629011214e-05 1.7179860151372849941e-05 1.7913267583935521543e-05 1.8633776562637649477e-05 1.9340983271831646562e-05 2.0034474800922907889e-05 2.0713827325380407274e-05 2.1378607925726100802e-05 2.2028380044503137469e-05 2.2662694391328841448e-05 2.3281096218852326274e-05 2.3883128960733301938e-05 2.44683269556844607e-05 2.5036220904439687729e-05 2.5586341507732868195e-05 2.611821764730848372e-05 2.6631370928953401744e-05 2.7125332053401507437e-05 2.7599629902397282422e-05 2.8053800633642822504e-05 2.8487382223829627037e-05 2.8899925382575020194e-05 2.9290986276464536786e-05 2.9660133805009536445e-05 3.0006949600647203624e-05 3.0331033485708758235e-05 3.0632003472419455647e-05 3.0909486667951568961e-05 3.1163148378254845738e-05 3.1392664823215454817e-05 3.1597744964528828859e-05 3.1778123229742050171e-05 3.1933552236296236515e-05 3.2063835533335804939e-05 3.2168791221920400858e-05 3.2248281058855354786e-05 3.2302188628818839788e-05 3.2330452086171135306e-05 3.2333020499208942056e-05 3.2309897505911067128e-05 3.2261112210107967257e-05 3.2186730095418170094e-05 3.2086856663227081299e-05 3.1961626518750563264e-05 3.18112106469925493e-05 3.163580549880862236e-05 3.1435647542821243405e-05 3.1210995075525715947e-05 3.0962139135226607323e-05 3.0689388950122520328e-05 3.0393090128200128675e-05 3.0073597372393123806e-05 2.9731296308455057442e-05 2.9366581657086499035e-05 2.8979869966860860586e-05 2.8571590519277378917e-05 2.8142178052803501487e-05 2.7692089133779518306e-05 2.7221780328545719385e-05 2.6731713660410605371e-05 2.6222358428640291095e-05 2.5694193027447909117e-05 2.514768129913136363e-05 2.4583305275882594287e-05 2.4001530618988908827e-05 2.3402826627716422081e-05 2.2787662601331248879e-05 2.2156495106173679233e-05 2.1509778889594599605e-05 2.0847965060966089368e-05 2.0171490177744999528e-05 1.9480792616377584636e-05 1.8776294382405467331e-05 1.8058413843391463161e-05 1.7327554814983159304e-05 1.6584117474849335849e-05 1.5828487448743544519e-05 1.5061043995956424624e-05 1.4282156371336895972e-05 1.3492182915797457099e-05 1.2691471056314185262e-05 1.1880357305926736444e-05 1.1059172720706555992e-05 1.0228234714304562658e-05 9.387851605424657464e-06 8.5383235273184254766e-06 7.6799387898063287139e-06 6.8129788814985658973e-06
 7.453881607943912968e-06 8.3313971117604523897e-06 9.2004984253435395658e-06 1.0060904060082975775e-05 1.0912323887168895453e-05 1.1754457773349713534e-05 1.2586994671437423676e-05 1.3409614439297001809e-05 1.4221986020857002586e-05 1.5023765627120155841e-05 1.5814604921615682542e-05 1.6594138287473469973e-05 1.7361991922371089458e-05 1.811778383853379637e-05 1.8861119315261021256e-05 1.9591590898926369846e-05 2.0308782040956430137e-05 2.1012270735809579492e-05 2.1701620426028966904e-05 2.2376387278200127184e-05 2.3036114725982770324e-05 2.368034256505779922e-05 2.4308603315148502588e-05 2.4920418582041747868e-05 2.5515309971524402499e-05 2.60927863564575091e-05 2.6652358428691513836e-05 2.7193535061087459326e-05 2.771581966953817755e-05 2.8218717488925904036e-05 2.8701741030090488493e-05 2.9164397346903569996e-05 2.9606204407173208892e-05 3.0026691092643886805e-05 3.0425386285060085356e-05 3.0801835237070918083e-05 3.1155599572230130434e-05 3.1486255466006696224e-05 3.179339182679541409e-05 3.207662302884273231e-05 3.2335588912246748805e-05 3.2569947506999596953e-05 3.277938958490267396e-05 3.2963627745630219579e-05 3.3122407330665737391e-05 3.3255510061280801892e-05 3.3362754038535058498e-05 3.3443975553382188082e-05 3.3499065466457977891e-05 3.3527947380207479e-05 3.3530570362927392125e-05 3.3506938052596524358e-05 3.3457086829002946615e-05 3.3381082175765186548e-05 3.3279036870226264e-05 3.3151089155580848455e-05 3.2997428206726908684e-05 3.2818261388456448913e-05 3.261383972130715847e-05 3.2384443329647183418e-05 3.2130370527738705277e-05 3.1851959647610783577e-05 3.1549574487144127488e-05 3.1223593396134674549e-05 3.0874416552251204848e-05 3.050246778002474457e-05 3.0108185455901548266e-05 2.9692024327232502401e-05 2.9254440960357896984e-05 2.8795915568480268121e-05 2.8316928364802151918e-05 2.781796501949429512e-05 2.7299518478685058653e-05 2.6762079869513399899e-05 2.6206149414065293968e-05 2.5632212782511487603e-05 2.504076837794855237e-05 2.4432296413579024374e-05 2.3807288016541860998e-05 2.3166214305092580616e-05 2.2509548216476105154e-05 2.1837755411979742348e-05 2.1151287000975571573e-05 2.0450590454856865108e-05 1.9736104150069877505e-05 1.9008255549124442041e-05 1.8267461200593970716e-05 1.7514128558104857802e-05 1.6748655980336479843e-05 1.5971427274052985013e-05 1.5182821698545012623e-05 1.4383200323209166527e-05 1.3572919669968541712e-05 1.2752321708831004798e-05 1.1921743862330913544e-05 1.1081503544119186699e-05 1.0231916348857339472e-05 9.3732842287863604724e-06 8.5058991317055188119e-06 7.6300448199617676437e-06
 8.2595479398150928319e-06 9.1460124167497269809e-06 1.0024175935541279614e-05 1.089375564333749935e-05 1.1754457773349713534e-05 1.260597946384223178e-05 1.3448006939142942429e-05 1.4280215509643312544e-05 1.5102268662303686142e-05 1.5913819879642687738e-05 1.6714513549231924117e-05 1.7503976778243668377e-05 1.8281831216881982982e-05 1.9047683963435702026e-05 1.9801131202257238328e-05 2.0541758203762583435e-05 2.126914114342071116e-05 2.1982839825795963407e-05 2.268240859848447144e-05 2.3367390895145945251e-05 2.4037315597524866462e-05 2.469170976837631315e-05 2.5330085918540135026e-05 2.5951949282898567617e-05 2.6556801458355039358e-05 2.7144136765855364501e-05 2.7713445888366550207e-05 2.8264210413908585906e-05 2.8795915568480268121e-05 2.930804839706979692e-05 2.9800088668707758188e-05 3.027152524737175554e-05 3.0721850635018199682e-05 3.1150564609561115503e-05 3.1557177862850949168e-05 3.1941210181685164571e-05 3.2302188628818839788e-05 3.2639676646795123816e-05 3.2953234040178358555e-05 3.3242449717363342643e-05 3.3506938052596524358e-05 3.3746346161933615804e-05 3.3960335713345557451e-05 3.4148597478633746505e-05 3.4310876799281686544e-05 3.4446926292730495334e-05 3.455654950812458992e-05 3.4639582736417651176e-05 3.4695909562287852168e-05 3.472543539828620851e-05 3.4728120226645842195e-05 3.4703960409387946129e-05 3.4652988688321784139e-05 3.4575288736959919333e-05 3.4470969694666564465e-05 3.4340191632509231567e-05 3.4183143725385889411e-05 3.4000055165961384773e-05 3.3791187888709828258e-05 3.3556840207893401384e-05 3.3297335903625935316e-05 3.3013035135809332132e-05 3.2704316254239529371e-05 3.2371583074564114213e-05 3.2015261240303516388e-05 3.163580549880862236e-05 3.1233674235409125686e-05 3.0809340387349948287e-05 3.0363295081770047545e-05 2.9896040359744802117e-05 2.9408078262349590659e-05 2.8899925382575020194e-05 2.8372092856443487108e-05 2.7825097276945598423e-05 2.7259458875050768256e-05 2.6675688786781392992e-05 2.6074298148159869015e-05 2.5455794457229785621e-05 2.4820681574055925012e-05 2.4169452444766648114e-05 2.3502596377511508763e-05 2.2820588128524832428e-05 2.2123898816062137485e-05 2.1412988644442521036e-05 2.0688308723038062453e-05 1.9950295609305612743e-05 1.9199378584744408727e-05 1.8435974197927862406e-05 1.7660488083492964506e-05 1.6873314962140284479e-05 1.6074840459623374045e-05 1.5265430192812345922e-05 1.4445449778577312827e-05 1.3615244824904948473e-05 1.2775154573319014162e-05 1.1925506441912148148e-05 1.1066616025345865637e-05 1.0198787094850558788e-05 9.3223179646884091198e-06 8.4374914877116680145e-06
 9.0552866822690702975e-06 9.9507715276558883488e-06 1.0838076377694960684e-05 1.1716916560544632375e-05 1.2586994671437423676e-05 1.3448006939142942429e-05 1.429963595001026988e-05 1.5141550647967960685e-05 1.5973415429471060634e-05 1.6794876501080580056e-05 1.7605567336431704462e-05 1.8405116861686110497e-05 1.9193137632100842893e-05 1.9969225832028314471e-05 2.0732974007842130959e-05 2.148395469703245908e-05 2.2221733161131851375e-05 2.2945858290768228471e-05 2.3655873519601300359e-05 2.4351307729375548661e-05 2.5031677068909630179e-05 2.5696488592075183988e-05 2.6345243895775638521e-05 2.6977428206009790301e-05 2.759252311079762876e-05 2.8190002922201529145e-05 2.8769340133294463158e-05 2.9329992685234174132e-05 2.9871422157157212496e-05 3.0393090128200128675e-05 3.0894454539520666003e-05 3.1374980608234182e-05 3.1834129913477227092e-05 3.2271378586301580071e-05 3.2686210033716633916e-05 3.3078111300710588694e-05 3.3446598536102101207e-05 3.3791187888709828258e-05 3.4111424611182883382e-05 3.4406875784043222666e-05 3.4677126677706837654e-05 3.4921795304398983717e-05 3.5140528780175372958e-05 3.5333003324922174215e-05 3.5498927900334820151e-05 3.5638058761833235621e-05 3.5750173992710188031e-05 3.5835106245940551162e-05 3.5892713640350848436e-05 3.5922919778386130929e-05 3.5925666452385485172e-05 3.5900953662348911166e-05 3.5848814150085672736e-05 3.5769338865065947175e-05 3.5662647860590368509e-05 3.5528908483684062958e-05 3.5368320823181420565e-05 3.5181132261641323566e-05 3.4967630199389532208e-05 3.4728120226645842195e-05 3.4462955227354541421e-05 3.4172509913332760334e-05 3.3857199014164507389e-05 3.3517440897412598133e-05 3.3153701224364340305e-05 3.2766438380349427462e-05 3.2356154406443238258e-05 3.192334770574234426e-05 3.146853487123735249e-05 3.0992243409855291247e-05 3.0495006285491399467e-05 2.9977352824062108994e-05 2.9439832360367290676e-05 2.8882981496280990541e-05 2.8307340471656061709e-05 2.7713445888366550207e-05 2.7101832529297098517e-05 2.6473022444406524301e-05 2.5827541321632452309e-05 2.5165898478007875383e-05 2.4488601411576382816e-05 2.3796143068466335535e-05 2.3089005480869673193e-05 2.2367663405020721257e-05 2.1632580683217383921e-05 2.0884204786852933466e-05 2.012297591136302799e-05 1.9349323338246904314e-05 1.8563656340120360255e-05 1.7766382370609790087e-05 1.695788705546874553e-05 1.6138550563482567668e-05 1.5308738511521369219e-05 1.4468806512013543397e-05 1.3619093806482851505e-05 1.2759932360495440662e-05 1.1891642316186334938e-05 1.1014531082764733583e-05 1.0128896064998116344e-05 9.2350246632122434676e-06
 9.8407945188228040934e-06 1.0745367944764439017e-05 1.164188779512187466e-05 1.2530069398053456098e-05 1.3409614439297001809e-05 1.4280215509643312544e-05 1.5141550647967960685e-05 1.5993291526683606207e-05 1.6835090718814171851e-05 1.7666594430920667946e-05 1.8487429770175367594e-05 1.9297222024761140347e-05 2.0095572835998609662e-05 2.0882072931271977723e-05 2.1656305762007832527e-05 2.241783477074932307e-05 2.3166214305092580616e-05 2.3900985979707911611e-05 2.4621678676339797676e-05 2.5327803086838684976e-05 2.6018864446086809039e-05 2.6694357075029984117e-05 2.7353758923709392548e-05 2.7996542485198006034e-05 2.8622169338632375002e-05 2.9230093787191435695e-05 2.981975922011770308e-05 3.0390605388674885035e-05 3.0942075682105496526e-05 3.1473598937736824155e-05 3.1984611268853768706e-05 3.2474541512783616781e-05 3.2942836696747690439e-05 3.3388940209988504648e-05 3.381230271770618856e-05 3.42123857990372926e-05 3.4588676498970016837e-05 3.4940665500471368432e-05 3.5267861676402390003e-05 3.5569813917391002178e-05 3.5846071114065125585e-05 3.6096236726734787226e-05 3.6319928767625242472e-05 3.6516797990771010518e-05 3.6686542443931102753e-05 3.6828889278694987297e-05 3.6943612940376624465e-05 3.7030527892056852579e-05 3.7089484976604580879e-05 3.7120400520507246256e-05 3.7123209040146321058e-05 3.709791781147941947e-05 3.7044559576315805316e-05 3.696322528412565589e-05 3.6854049540124833584e-05 3.6717210605274885893e-05 3.6552926758304238319e-05 3.6361456295708194375e-05 3.6143104807706549764e-05 3.5898206988349556923e-05 3.5627133911475539207e-05 3.5330285754753276706e-05 3.5008102713618427515e-05 3.4661035897443071008e-05 3.428956551942974329e-05 3.389419725863263011e-05 3.347544770804233849e-05 3.3033851650543510914e-05 3.2569947506999596953e-05 3.2084299164125695825e-05 3.1577459594700485468e-05 3.1049992685439065099e-05 3.050246778002474457e-05 2.9935450584162026644e-05 2.9349504984566010535e-05 2.8745189410983584821e-05 2.8123056836193427444e-05 2.7483662051963619888e-05 2.6827541660168208182e-05 2.615522498672362417e-05 2.5467234081588685513e-05 2.4764083718764595687e-05 2.4046265025390312076e-05 2.331427276658359915e-05 2.2568576241610571742e-05 2.1809641111758537591e-05 2.1037914848420768976e-05 2.0253832190064713359e-05 1.9457820599200204015e-05 1.865028571046423167e-05 1.7831625882536172867e-05 1.7002226741169579327e-05 1.616245754121337086e-05 1.5312678442569449544e-05 1.445323414372978732e-05 1.3584459338744636625e-05 1.2706678717222530395e-05 1.1820200597867369652e-05 1.0925324204436037689e-05 1.0022340575233101845e-05
 1.0615760402288287878e-05 1.1529482435435056686e-05 1.2435288226697593927e-05 1.333288855676073581e-05 1.4221986020857002586e-05 1.5102268662303686142e-05 1.5973415429471060634e-05 1.6835090718814171851e-05 1.7686947103356942534e-05 1.8528624423197470605e-05 1.9359747966518625617e-05 2.0179930288577452302e-05 2.0988774849683977664e-05 2.1785861463285982609e-05 2.2570764485863037407e-05 2.334304008400067687e-05 2.4102231691358610988e-05 2.4847866370691917837e-05 2.5579465727787464857e-05 2.6296524083591066301e-05 2.699853575904853642e-05 2.7684973247232846916e-05 2.8355298127280548215e-05 2.9008968340349383652e-05 2.9645421818713657558e-05 3.0264091037679463625e-05 3.0864401196595281363e-05 3.1445764761883765459e-05 3.2007596018956974149e-05 3.2549305615248158574e-05 3.3070300560211762786e-05 3.3569980587344616652e-05 3.4047756344079971313e-05 3.4503045753808692098e-05 3.4935270377900451422e-05 3.534386632964015007e-05 3.5728276998270303011e-05 3.6087971238885074854e-05 3.6422428820515051484e-05 3.673115861602127552e-05 3.7013694964116439223e-05 3.7269597669364884496e-05 3.7498470192076638341e-05 3.7699941458413377404e-05 3.787368041230365634e-05 3.801939601544290781e-05 3.8136851799208670855e-05 3.8225844036787748337e-05 3.8286219933070242405e-05 3.8317873986670747399e-05 3.8320751627907156944e-05 3.8294849218800663948e-05 3.8240210415096953511e-05 3.815693344222381711e-05 3.804515654337592423e-05 3.7905072531430050731e-05 3.7736917875008657575e-05 3.7540969060501083732e-05 3.7317549868021160364e-05 3.7067020457470789552e-05 3.6789773730561137199e-05 3.6486246244749054313e-05 3.6156896385364234447e-05 3.5802211641566827893e-05 3.542270133038982749e-05 3.5018900234717875719e-05 3.4591354051372036338e-05 3.4140630305046215653e-05 3.3667303796391934156e-05 3.3171960239997133613e-05 3.2655181712470948696e-05 3.211756848031654954e-05 3.1559713534079492092e-05 3.0982206226326525211e-05 3.0385637728613801301e-05 2.9770597393508069217e-05 2.9137652745703235269e-05 2.8487382223829627037e-05 2.7820342438644729555e-05 2.7137084543937817216e-05 2.6438145141582936049e-05 2.5724055376485921443e-05 2.4995326384669169784e-05 2.4252458388218656182e-05 2.3495938876294530928e-05 2.2726244424120523036e-05 2.1943829779047518969e-05 2.11491460504475981e-05 2.0342620700830593705e-05 1.9524672097759321332e-05 1.8695705875870771706e-05 1.7856107660918496549e-05 1.7006257621687836945e-05 1.6146519556059502065e-05 1.5277239072020165622e-05 1.4398757230082992464e-05 1.3511396900867111981e-05 1.2615473679034039378e-05 1.1711286788340657949e-05 1.0799125448102131486e-05
 1.1379866009519901127e-05 1.2302793038543313742e-05 1.3217947525845374912e-05 1.4125037523626815528e-05 1.5023765627120155841e-05 1.5913819879642687738e-05 1.6794876501080580056e-05 1.7666594430920667946e-05 1.8528624423197470605e-05 1.9380602680030278862e-05 2.0222150851623155177e-05 2.1052877855254337192e-05 2.1872372599318623543e-05 2.2680218535242602229e-05 2.3475975467590615153e-05 2.4259194105979986489e-05 2.5029405151144601405e-05 2.5786126570892520249e-05 2.6528861781116575003e-05 2.7257103283773176372e-05 2.7970318114967085421e-05 2.8667969672824256122e-05 2.9349504984566010535e-05 3.0014351068530231714e-05 3.0661936762044206262e-05 3.1291667255572974682e-05 3.1902942282613366842e-05 3.2495157938683405519e-05 3.3067695767385885119e-05 3.3619933674344792962e-05 3.4151256841141730547e-05 3.4661035897443071008e-05 3.5148648748872801661e-05 3.5613480577012524009e-05 3.6054920201422646642e-05 3.6472367355599999428e-05 3.6865239962935447693e-05 3.7232959584798663855e-05 3.7574991438305005431e-05 3.7890800740569829941e-05 3.817989272647537291e-05 3.8441801734734326601e-05 3.867609848384745419e-05 3.888238279614597559e-05 3.9060309063643217087e-05 3.9209564420161768794e-05 3.9329879655269905925e-05 3.9421047404175624251e-05 3.9482907595811411738e-05 3.9515340176876634359e-05 3.9518290577689185739e-05 3.9491751522291451693e-05 3.9435770304407924414e-05 3.9350452425424009562e-05 3.9235947042470797896e-05 3.9092461520340293646e-05 3.892025051754899323e-05 3.8719608710380271077e-05 3.8490885344799607992e-05 3.8234466046560555696e-05 3.7950772821204736829e-05 3.7640267692040652037e-05 3.730343814822845161e-05 3.6940811696695163846e-05 3.6552926758304238319e-05 3.6140347219770774245e-05 3.5703655157703906298e-05 3.5243454476585611701e-05 3.4760352718876674771e-05 3.4254953789059072733e-05 3.3727894333424046636e-05 3.3179785532411187887e-05 3.2611260394332930446e-05 3.2022930099628865719e-05 3.141541674267500639e-05 3.0789331503910943866e-05 3.0145269192871637642e-05 2.948382643808145076e-05 2.8805583497160114348e-05 2.8111111532780341804e-05 2.7400963517720811069e-05 2.6675688786781392992e-05 2.5935807570931501687e-05 2.5181843739119358361e-05 2.4414292056462727487e-05 2.3633636374142952263e-05 2.2840351448394358158e-05 2.2034888388589024544e-05 2.1217687390162609518e-05 2.038917409663554281e-05 1.9549759599613025784e-05 1.86998349818168208e-05 1.7839785869000479579e-05 1.6969977878034114838e-05 1.6090762073872610927e-05 1.5202480426523834467e-05 1.4305462173069827259e-05 1.3400019270193297416e-05 1.2486455489124637097e-05 1.1565060049179010093e-05
 1.2132782103435602039e-05 1.3064965060038957745e-05 1.3989523722557350993e-05 1.4906170690665021539e-05 1.5814604921615682542e-05 1.6714513549231924117e-05 1.7605567336431704462e-05 1.8487429770175367594e-05 1.9359747966518625617e-05 2.0222150851623155177e-05 2.1074258256703615189e-05 2.191567182308062911e-05 2.2745978640159592032e-05 2.3564753064420074224e-05 2.437154580547939986e-05 2.5165898478007875383e-05 2.5947336325771175325e-05 2.6715366402640938759e-05 2.7469477572594769299e-05 2.8209145966684445739e-05 2.8933829526067711413e-05 2.9642969820997677743e-05 3.0335995688801631331e-05 3.1012325052870437503e-05 3.1671352189732715487e-05 3.2312465918948873878e-05 3.293504414614289999e-05 3.3538450225023552775e-05 3.4122043871320784092e-05 3.4685177524806931615e-05 3.5227189073339104652e-05 3.5747434594668447971e-05 3.6245255614630877972e-05 3.6720000935019925237e-05 3.7171022995607927442e-05 3.7597685150103643537e-05 3.7999372580088675022e-05 3.8375477743102237582e-05 3.8725411286577582359e-05 3.9048623875714838505e-05 3.9344573451671749353e-05 3.9612768887309357524e-05 3.9852744521340355277e-05 4.0064078348223119974e-05 4.0246392018161714077e-05 4.039935447508469224e-05 4.0522678318666294217e-05 4.0616137994220480323e-05 4.067954796482808888e-05 4.0712802729103714228e-05 4.0715825889492407441e-05 4.068861744599416852e-05 4.0631228330312296748e-05 4.0543767681811004877e-05 4.0426399209536612034e-05 4.0279344830196350813e-05 4.0102877392200753093e-05 3.9897317037684842944e-05 3.9663034840486943722e-05 3.9400449168169870973e-05 3.9110011130105704069e-05 3.8792211853433400393e-05 3.8447575207101181149e-05 3.8076661439845338464e-05 3.7680041714338585734e-05 3.7258323573041707277e-05 3.6812121834373101592e-05 3.6342073144624009728e-05 3.5848814150085672736e-05 3.5333003324922174215e-05 3.4795288229361176491e-05 3.4236327337566763163e-05 3.3656775485724210739e-05 3.3057280234061181545e-05 3.2438485504826530814e-05 3.1801027944311499596e-05 3.1145533284870907664e-05 3.047261634492315352e-05 2.9782882847939617932e-05 2.9076918508508242667e-05 2.8355298127280548215e-05 2.7618583771982230246e-05 2.6867317501455545425e-05 2.6102032279595732689e-05 2.532323560444638133e-05 2.4531425879104062915e-05 2.3727083316771313548e-05 2.2910671759746037424e-05 2.208263504144269973e-05 2.1243409719318151474e-05 2.0393408703966997564e-05 1.9533033992047421634e-05 1.8662669390323571861e-05 1.7782685972633771598e-05 1.6893442079890519381e-05 1.5995277863112278283e-05 1.508852437837049365e-05 1.4173496310831978917e-05 1.3250495612737722695e-05 1.2319815141381695867e-05
 1.2874174899479839951e-05 1.3815655620419420302e-05 1.4749669389857444912e-05 1.5675932445446960628e-05 1.6594138287473469973e-05 1.7503976778243668377e-05 1.8405116861686110497e-05 1.9297222024761140347e-05 2.0179930288577452302e-05 2.1052877855254337192e-05 2.191567182308062911e-05 2.2767913833376951516e-05 2.3609185518580488861e-05 2.443905032123439014e-05 2.5257062588934786618e-05 2.6062745746457949281e-05 2.6855617761611938477e-05 2.7635174774331972003e-05 2.8400892915669828653e-05 2.9152241040719673038e-05 2.9888653443777002394e-05 3.0609564419137313962e-05 3.1314375519286841154e-05 3.2002488296711817384e-05 3.2673280657036229968e-05 3.3326112315990030766e-05 3.3960335713345557451e-05 3.4575288736959919333e-05 3.5170301998732611537e-05 3.5744698834605515003e-05 3.6297791666584089398e-05 3.6828889278694987297e-05 3.7337304092943668365e-05 3.7822352169314399362e-05 3.828334229183383286e-05 3.8719608710380271077e-05 3.9130489312810823321e-05 3.9515340176876634359e-05 3.9873539208201691508e-05 4.0204489778261631727e-05 4.0507620724383741617e-05 4.0782400901662185788e-05 4.1028335544979199767e-05 4.1244966269005089998e-05 4.1431889258092269301e-05 4.1588744352338835597e-05 4.1715229599503800273e-05 4.1811090341070666909e-05 4.187614467809908092e-05 4.1910254367394372821e-05 4.1913357563316822052e-05 4.1885443351930007339e-05 4.182657357887364924e-05 4.1736857383511960506e-05 4.1616480302764102817e-05 4.146567516727373004e-05 4.1284740291303023696e-05 4.1074017644859850407e-05 4.0833911043591797352e-05 4.056486432091332972e-05 4.026736132800579071e-05 3.994192957179620862e-05 3.9589132938999682665e-05 3.9209564420161768794e-05 3.8803835195722058415e-05 3.8372596463887020946e-05 3.7916495784884318709e-05 3.7436206184793263674e-05 3.6932411603629589081e-05 3.6405792343430221081e-05 3.5857043258147314191e-05 3.5286855563754215837e-05 3.4695909562287852168e-05 3.4084885555785149336e-05 3.345446384628303349e-05 3.2805302907945588231e-05 3.2138053938979282975e-05 3.1453353585675358772e-05 3.0751831218367442489e-05 3.0034096198505721986e-05 2.9300734240678139031e-05 2.8552332878462038934e-05 2.7789443265646696091e-05 2.7012609280063770711e-05 2.6222358428640291095e-05 2.5419200028409250081e-05 2.4603616111562587321e-05 2.3776085072313435376e-05 2.2937059839023277164e-05 2.208697696914896369e-05 2.1226260287221521139e-05 2.0355313608888536692e-05 1.9474526197882369161e-05 1.8584272766020148993e-05 1.7684909835224971175e-05 1.6776786651462316513e-05 1.5860226994846016169e-05 1.4935551917005795985e-05 1.4003064279677346349e-05 1.3063054211670532823e-05
 1.3603698789665941149e-05 1.4554511835740413517e-05 1.5498026186833158135e-05 1.6433952623629011214e-05 1.7361991922371089458e-05 1.8281831216881982982e-05 1.9193137632100842893e-05 2.0095572835998609662e-05 2.0988774849683977664e-05 2.1872372599318623543e-05 2.2745978640159592032e-05 2.3609185518580488861e-05 2.4461571229039691389e-05 2.5302690119133330882e-05 2.6132092898478731513e-05 2.6949293896905146539e-05 2.7753807444241829216e-05 2.8545111490529961884e-05 2.9322676709853112698e-05 3.0085950129432603717e-05 3.0834358767606317997e-05 3.1567320547765120864e-05 3.2284213375532999635e-05 3.298442243249155581e-05 3.3667303796391934156e-05 3.4332195355091243982e-05 3.4978416806552559137e-05 3.5605287848738953471e-05 3.6212106351740658283e-05 3.6798155633732676506e-05 3.7362719012890011072e-05 3.7905072531430050731e-05 3.8424492231570184231e-05 3.892025051754899323e-05 3.9391623431583866477e-05 3.9837894291849806905e-05 4.0258371882373467088e-05 4.0652361349202692509e-05 4.1019204218173399568e-05 4.1358256567036733031e-05 4.1668914491310715675e-05 4.1950603190343827009e-05 4.2202787881251424551e-05 4.2424984712852165103e-05 4.2616753489710390568e-05 4.2777704948093742132e-05 4.2907511669909581542e-05 4.3005908082704991102e-05 4.3072686821687966585e-05 4.3107706005685031414e-05 4.3110889237141236663e-05 4.308223287807777524e-05 4.3021798774134367704e-05 4.2929714254569262266e-05 4.2806164856301620603e-05 4.26514197897631675e-05 4.2465788283152505755e-05 4.2249641410307958722e-05 4.2003415728686377406e-05 4.1727587813511490822e-05 4.1422677895752713084e-05 4.1089257138082757592e-05 4.0727922169025987387e-05 4.0339309634873643517e-05 3.9924078009789809585e-05 3.9482907595811411738e-05 3.9016496884869411588e-05 3.8525558920809999108e-05 3.8010814023436978459e-05 3.7472989788511767983e-05 3.6912810173816978931e-05 3.6330995499156415462e-05 3.5728276998270303011e-05 3.5105364077026024461e-05 3.4462955227354541421e-05 3.3801745303208008409e-05 3.3122407330665737391e-05 3.2425614335807040334e-05 3.1712002964923158288e-05 3.0982206226326525211e-05 3.0236838938435539603e-05 2.9476492272806353867e-05 2.8701741030090488493e-05 2.7913141821045428514e-05 2.7111231247545219958e-05 2.6296524083591066301e-05 2.54695223702583462e-05 2.4630709958728402853e-05 2.3780541596352122724e-05 2.2919464754522778094e-05 2.2047908714739605784e-05 2.116627547366078943e-05 2.0274961570976302028e-05 1.9374345356482081115e-05 1.8464785171090625226e-05 1.7546626622788608074e-05 1.662020258663687855e-05 1.5685827747802250087e-05 1.474380769650451839e-05 1.3794431652058847249e-05
 1.4321002709039021283e-05 1.5281177184078842402e-05 1.6234223949140869081e-05 1.7179860151372849941e-05 1.811778383853379637e-05 1.9047683963435702026e-05 1.9969225832028314471e-05 2.0882072931271977723e-05 2.1785861463285982609e-05 2.2680218535242602229e-05 2.3564753064420074224e-05 2.443905032123439014e-05 2.5302690119133330882e-05 2.615522498672362417e-05 2.6996189262717962265e-05 2.7825097276945598423e-05 2.8641448807320557535e-05 2.9444718165905214846e-05 3.0234363293857313693e-05 3.1009814847493544221e-05 3.1770487112225964665e-05 3.2515781640540808439e-05 3.3245061786146834493e-05 3.3957687264773994684e-05 3.4652988688321784139e-05 3.5330285754753276706e-05 3.5988876334158703685e-05 3.6628040106734260917e-05 3.7247049476718530059e-05 3.784515865845605731e-05 3.8421607314376160502e-05 3.8975642382865771651e-05 3.9506492612417787313e-05 4.0013394027482718229e-05 4.0495579014532268047e-05 4.0952294511953368783e-05 4.1382787458132952452e-05 4.1786333895288407803e-05 4.216222077957354486e-05 4.2509767808951437473e-05 4.2828316509258002043e-05 4.3117259338032454252e-05 4.3376014218665659428e-05 4.3604064558167010546e-05 4.38009301433339715e-05 4.3966199882561340928e-05 4.4099509977968409657e-05 4.4200576667208224535e-05 4.4269167119637131691e-05 4.4305139454081654549e-05 4.430841363500803709e-05 4.4278975110501050949e-05 4.4216893002158030868e-05 4.4122309191152453423e-05 4.399542740429751575e-05 4.383652412798255682e-05 4.3645944970194250345e-05 4.3424101022537797689e-05 4.3171443394385278225e-05 4.2888492316706106067e-05 4.2575815314194187522e-05 4.2234019929310306907e-05 4.1863746446324512362e-05 4.146567516727373004e-05 4.104051186004653573e-05 4.0588984120404347777e-05 4.0111830458045005798e-05 3.9609814848517999053e-05 3.9083690353436395526e-05 3.8534231862286105752e-05 3.7962203350616618991e-05 3.7368368793977424502e-05 3.6753477616002783179e-05 3.6118286516284570098e-05 3.5463523090584203601e-05 3.4789911296684294939e-05 3.4098156902473419905e-05 3.3388940209988504648e-05 3.2662937883287668228e-05 3.1920797482598572969e-05 3.1163148378254845738e-05 3.0390605388674885035e-05 2.960375604743603617e-05 2.8803166060242801905e-05 2.7989390218863263726e-05 2.7162950573256239295e-05 2.6324358259444124997e-05 2.5474100766587071121e-05 2.4612647393951192498e-05 2.3740443793940357864e-05 2.2857922886032611132e-05 2.1965499399811960757e-05 2.106356805597897619e-05 2.0152503566350787878e-05 1.9232671547797508538e-05 1.8304415789316408336e-05 1.7368072803947143257e-05 1.6423953638877719641e-05 1.5472365703317336738e-05 1.4513594578602351248e-05
 1.502572831668658182e-05 1.5995277863112278283e-05 1.695788705546874553e-05 1.7913267583935521543e-05 1.8861119315261021256e-05 1.9801131202257238328e-05 2.0732974007842130959e-05 2.1656305762007832527e-05 2.2570764485863037407e-05 2.3475975467590615153e-05 2.437154580547939986e-05 2.5257062588934786618e-05 2.6132092898478731513e-05 2.6996189262717962265e-05 2.7848880563396960497e-05 2.8689677492366172373e-05 2.9518065275624394417e-05 3.0333516406244598329e-05 3.1135470635490491986e-05 3.192334770574234426e-05 3.2696552807465195656e-05 3.345446384628303349e-05 3.4196433261968195438e-05 3.4921795304398983717e-05 3.5629862395580857992e-05 3.6319928767625242472e-05 3.6991255910834297538e-05 3.7643105315510183573e-05 3.8274713006103411317e-05 3.8885296817170456052e-05 3.9474067307310178876e-05 4.0040220483206212521e-05 4.0582952351542189717e-05 4.1101451643044129014e-05 4.1594907088438048959e-05 4.2062514694407582283e-05 4.2503481381572782993e-05 4.2917024984490126371e-05 4.3302388803567737341e-05 4.3658841605065390468e-05 4.3985681259073317051e-05 4.4282245653448626399e-05 4.4547919969772920012e-05 4.4782133045373484492e-05 4.4984368287259712815e-05 4.5154185499995946884e-05 4.5291191781871020794e-05 4.5395074266707524657e-05 4.5465589209925383329e-05 4.5502572902478277683e-05 4.5505934394896030426e-05 4.5475673687178641558e-05 4.5411848986987024546e-05 4.53146312793251127e-05 4.5184220653027296066e-05 4.5020940888207405806e-05 4.4825148506788536906e-05 4.4597294618142768741e-05 4.433787034940905869e-05 4.4047435949323698878e-05 4.3726598960347473621e-05 4.3376014218665659428e-05 4.2996376578230410814e-05 4.258840635884553194e-05 4.2152863898081704974e-05 4.169052408542484045e-05 4.1202172724297270179e-05 4.068861744599416852e-05 4.0150665881810709834e-05 3.9589132938999682665e-05 3.9004822610877454281e-05 3.8398535252781584859e-05 3.7771071220049634576e-05 3.7123209040146321058e-05 3.6455716326599940658e-05 3.5769338865065947175e-05 3.5064815165242180228e-05 3.4342854632996022701e-05 3.3604155760258436203e-05 3.2849380659172311425e-05 3.2079180527944117785e-05 3.1294192012865096331e-05 3.0495006285491399467e-05 2.9682209060410968959e-05 2.8856366043328307569e-05 2.8018008379149250686e-05 2.7167656298843212426e-05 2.6305800929549150169e-05 2.5432920665480196476e-05 2.4549464797019027174e-05 2.3655873519601300359e-05 2.2752559743821620941e-05 2.1839918190380558372e-05 2.091833084705285728e-05 1.9988163330708630383e-05 1.9049757611355744302e-05 1.8103450202033855021e-05 1.7149550330941565335e-05 1.6188365407288074493e-05 1.5220181012409739196e-05
