01_EFForTS-ABM/tests_integration/01_unittest/globalimpact/output/deg_sum_c_globalimpact.asc
ncols        100
nrows        100
xllcorner    212461.033820999990
yllcorner    9753254.946558000520
cellsize     50.000000000000
NODATA_value  -3.4028234663852885981e+38
[rows 16 to 31 of 100, columns 0 to 36 of 100]
1.6395963029935956001e-05 1.7384285456500947475e-05 1.8366054064244963229e-05 1.9340983271831646562e-05 2.0308782040956430137e-05 2.126914114342071116e-05 2.2221733161131851375e-05 2.3166214305092580616e-05 2.4102231691358610988e-05 2.5029405151144601405e-05 2.5947336325771175325e-05 2.6855617761611938477e-05 2.7753807444241829216e-05 2.8641448807320557535e-05 2.9518065275624394417e-05 3.0383156627067364752e-05 3.1236191716743633151e-05 3.207662302884273231e-05 3.2903877581702545285e-05 3.3717351470841094851e-05 3.4516418963903561234e-05 3.5300421586725860834e-05 3.6068689951207488775e-05 3.682050737552344799e-05 3.7555142625933513045e-05 3.8271835364867001772e-05 3.8969807064859196544e-05 3.9648246456636115909e-05 4.0306320443050935864e-05 4.094317773706279695e-05 4.1557948861736804247e-05 4.2149746150244027376e-05 4.2717674659797921777e-05 4.3260828533675521612e-05 4.3778294639196246862e-05 4.4269167119637131691e-05 4.4732543756254017353e-05
1.7060716345440596342e-05 1.8058413843391463161e-05 1.9049757611355744302e-05 2.0034474800922907889e-05 2.1012270735809579492e-05 2.1982839825795963407e-05 2.2945858290768228471e-05 2.3900985979707911611e-05 2.4847866370691917837e-05 2.5786126570892520249e-05 2.6715366402640938759e-05 2.7635174774331972003e-05 2.8545111490529961884e-05 2.9444718165905214846e-05 3.0333516406244598329e-05 3.1210995075525715947e-05 3.207662302884273231e-05 3.2929849112406373024e-05 3.3770080335671082139e-05 3.4596709156176075339e-05 3.5409102565608918667e-05 3.6206580261932685971e-05 3.6988451029174029827e-05 3.7753990909550338984e-05 3.8502443203469738364e-05 3.9233014831552281976e-05 3.9944905438460409641e-05 4.06372637371532619e-05 4.1309234802611172199e-05 4.1959920054068788886e-05 4.258840635884553194e-05 4.3193769670324400067e-05 4.3775064114015549421e-05 4.4331325625535100698e-05 4.4861590140499174595e-05 4.5364886318566277623e-05 4.5840264647267758846e-05
1.7711379769025370479e-05 1.8718426872510462999e-05 1.9719333067769184709e-05 2.0713827325380407274e-05 2.1701620426028966904e-05 2.268240859848447144e-05 2.3655873519601300359e-05 2.4621678676339797676e-05 2.5579465727787464857e-05 2.6528861781116575003e-05 2.7469477572594769299e-05 2.8400892915669828653e-05 2.9322676709853112698e-05 3.0234363293857313693e-05 3.1135470635490491986e-05 3.2025487598730251193e-05 3.2903877581702545285e-05 3.3770080335671082139e-05 3.4623506508069112897e-05 3.5463523090584203601e-05 3.6289493436925113201e-05 3.7100722693139687181e-05 3.7896508729318156838e-05 3.867609848384745419e-05 3.9438713429262861609e-05 4.0183549572248011827e-05 4.0909762901719659567e-05 4.1616480302764102817e-05 4.2302799556637182832e-05 4.2967792978743091226e-05 4.3610503780655562878e-05 4.42299606220331043e-05 4.4825148506788536906e-05 4.5395074266707524657e-05 4.5938701077830046415e-05 4.6455006668111309409e-05 4.6942957851570099592e-05
1.8347556761000305414e-05 1.9363918909220956266e-05 2.0374358427943661809e-05 2.1378607925726100802e-05 2.2376387278200127184e-05 2.3367390895145945251e-05 2.4351307729375548661e-05 2.5327803086838684976e-05 2.6296524083591066301e-05 2.7257103283773176372e-05 2.8209145966684445739e-05 2.9152241040719673038e-05 3.0085950129432603717e-05 3.1009814847493544221e-05 3.192334770574234426e-05 3.2826039387146010995e-05 3.3717351470841094851e-05 3.4596709156176075339e-05 3.5463523090584203601e-05 3.6317160265753045678e-05 3.7156954931560903788e-05 3.7982215872034430504e-05 3.8792211853433400393e-05 3.9586178900208324194e-05 4.0363320295000448823e-05 4.1122799302684143186e-05 4.1863746446324512362e-05 4.2585259507177397609e-05 4.3286399886710569263e-05 4.3966199882561340928e-05 4.4623651774600148201e-05 4.5257736928761005402e-05 4.5867396693211048841e-05 4.6451565140159800649e-05 4.7009154513943940401e-05 4.7539066144963726401e-05 4.8040205001598224044e-05
1.8968848962686024606e-05 1.9994477042928338051e-05 2.1014408048358745873e-05 2.2028380044503137469e-05 2.3036114725982770324e-05 2.4037315597524866462e-05 2.5031677068909630179e-05 2.6018864446086809039e-05 2.699853575904853642e-05 2.7970318114967085421e-05 2.8933829526067711413e-05 2.9888653443777002394e-05 3.0834358767606317997e-05 3.1770487112225964665e-05 3.2696552807465195656e-05 3.3612046536291018128e-05 3.4516418963903561234e-05 3.5409102565608918667e-05 3.6289493436925113201e-05 3.7156954931560903788e-05 3.8010814023436978459e-05 3.8850368582643568516e-05 3.9674869185546413064e-05 4.0483540942659601569e-05 4.1275558032793924212e-05 4.2050065530929714441e-05 4.2806164856301620603e-05 4.3542924686335027218e-05 4.4259366404730826616e-05 4.4954471377423033118e-05 4.5627206418430432677e-05 4.6276483772089704871e-05 4.6901204768801108003e-05 4.7500223445240408182e-05 4.8072404752019792795e-05 4.8616569984005764127e-05 4.9131547712022438645e-05
1.957485437742434442e-05 2.0609684725059196353e-05 2.1639049009536392987e-05 2.2662694391328841448e-05 2.368034256505779922e-05 2.469170976837631315e-05 2.5696488592075183988e-05 2.6694357075029984117e-05 2.7684973247232846916e-05 2.8667969672824256122e-05 2.9642969820997677743e-05 3.0609564419137313962e-05 3.1567320547765120864e-05 3.2515781640540808439e-05 3.345446384628303349e-05 3.4382861485937610269e-05 3.5300421586725860834e-05 3.6206580261932685971e-05 3.7100722693139687181e-05 3.7982215872034430504e-05 3.8850368582643568516e-05 3.9704471419099718332e-05 4.0543767681811004877e-05 4.1367453377461060882e-05 4.2174699046881869435e-05 4.296461702324450016e-05 4.3736290535889565945e-05 4.4488740968517959118e-05 4.5220960601000115275e-05 4.5931905333418399096e-05 4.6620472858194261789e-05 4.7285531763918697834e-05 4.7925925173331052065e-05 4.8540441639488562942e-05 4.9127873353427276015e-05 4.9686972488416358829e-05 5.0216480303788557649e-05
2.0165161913610063493e-05 2.1209116312093101442e-05 2.2247844754019752145e-05 2.3281096218852326274e-05 2.4308603315148502588e-05 2.5330085918540135026e-05 2.6345243895775638521e-05 2.7353758923709392548e-05 2.8355298127280548215e-05 2.9349504984566010535e-05 3.0335995688801631331e-05 3.1314375519286841154e-05 3.2284213375532999635e-05 3.3245061786146834493e-05 3.4196433261968195438e-05 3.5137825761921703815e-05 3.6068689951207488775e-05 3.6988451029174029827e-05 3.7896508729318156838e-05 3.8792211853433400393e-05 3.9674869185546413064e-05 4.0543767681811004877e-05 4.1398125176783651114e-05 4.2237141315126791596e-05 4.3059957533841952682e-05 4.3865667976206168532e-05 4.465331949177198112e-05 4.5421922550303861499e-05 4.6170422137947753072e-05 4.6897726861061528325e-05 4.7602694394299760461e-05 4.8284138756571337581e-05 4.8940841224975883961e-05 4.957152486895211041e-05 5.0174905481981113553e-05 5.0749655201798304915e-05 5.1294427976245060563e-05
2.0739356841659173369e-05 2.1792346160509623587e-05 2.2840351448394358158e-05 2.3883128960733301938e-05 2.4920418582041747868e-05 2.5951949282898567617e-05 2.6977428206009790301e-05 2.7996542485198006034e-05 2.9008968340349383652e-05 3.0014351068530231714e-05 3.1012325052870437503e-05 3.2002488296711817384e-05 3.298442243249155581e-05 3.3957687264773994684e-05 3.4921795304398983717e-05 3.5876248148269951344e-05 3.682050737552344799e-05 3.7753990909550338984e-05 3.867609848384745419e-05 3.9586178900208324194e-05 4.0483540942659601569e-05 4.1367453377461060882e-05 4.2237141315126791596e-05 4.3091782572446390986e-05 4.3930500396527349949e-05 4.4752370740752667189e-05 4.5556422264780849218e-05 4.6341625420609489083e-05 4.7106899728532880545e-05 4.7851099225226789713e-05 4.8573048843536525965e-05 4.9271504394710063934e-05 4.9945174396270886064e-05 5.0592723709996789694e-05 5.1212788093835115433e-05 5.1803948736051097512e-05 5.2364772272994741797e-05
2.1297028069966472685e-05 2.2358941350830718875e-05 2.34161198022775352e-05 2.44683269556844607e-05 2.5515309971524402499e-05 2.6556801458355039358e-05 2.759252311079762876e-05 2.8622169338632375002e-05 2.9645421818713657558e-05 3.0661936762044206262e-05 3.1671352189732715487e-05 3.2673280657036229968e-05 3.3667303796391934156e-05 3.4652988688321784139e-05 3.5629862395580857992e-05 3.6597422877093777061e-05 3.7555142625933513045e-05 3.8502443203469738364e-05 3.9438713429262861609e-05 4.0363320295000448823e-05 4.1275558032793924212e-05 4.2174699046881869435e-05 4.3059957533841952682e-05 4.3930500396527349949e-05 4.4785436330130323768e-05 4.5623834012076258659e-05 4.6444685722235590219e-05 4.7246936446754261851e-05 4.8029476602096110582e-05 4.8791123845148831606e-05 4.9530644901096820831e-05 5.0246744649484753609e-05 5.0938069762196391821e-05 5.1603212341433390975e-05 5.2240720833651721478e-05 5.2849092753604054451e-05 5.3426800150191411376e-05
2.1837755411979742348e-05 2.2908472601557150483e-05 2.397470234427601099e-05 2.5036220904439687729e-05 2.60927863564575091e-05 2.7144136765855364501e-05 2.8190002922201529145e-05 2.9230093787191435695e-05 3.0264091037679463625e-05 3.1291667255572974682e-05 3.2312465918948873878e-05 3.3326112315990030766e-05 3.4332195355091243982e-05 3.5330285754753276706e-05 3.6319928767625242472e-05 3.7300618714652955532e-05 3.8271835364867001772e-05 3.9233014831552281976e-05 4.0183549572248011827e-05 4.1122799302684143186e-05 4.2050065530929714441e-05 4.296461702324450016e-05 4.3865667976206168532e-05 4.4752370740752667189e-05 4.5623834012076258659e-05 4.6479093725793063641e-05 4.7317138523794710636e-05 4.8136884288396686316e-05 4.8937177780317142606e-05 4.9716818466549739242e-05 5.047450395068153739e-05 5.1208902732469141483e-05 5.1918585086241364479e-05 5.2602073992602527142e-05 5.3257826948538422585e-05 5.3884257795289158821e-05 5.4479725804412737489e-05
2.2361122319125570357e-05 2.3440499717253260314e-05 2.4515644327038899064e-05 2.5586341507732868195e-05 2.6652358428691513836e-05 2.7713445888366550207e-05 2.8769340133294463158e-05 2.981975922011770308e-05 3.0864401196595281363e-05 3.1902942282613366842e-05 3.293504414614289999e-05 3.3960335713345557451e-05 3.4978416806552559137e-05 3.5988876334158703685e-05 3.6991255910834297538e-05 3.798507532337680459e-05 3.8969807064859196544e-05 3.9944905438460409641e-05 4.0909762901719659567e-05 4.1863746446324512362e-05 4.2806164856301620603e-05 4.3736290535889565945e-05 4.465331949177198112e-05 4.5556422264780849218e-05 4.6444685722235590219e-05 4.7317138523794710636e-05 4.8172751121455803514e-05 4.9010417569661512971e-05 4.982895188732072711e-05 5.0627117161639034748e-05 5.1403574616415426135e-05 5.2156923629809170961e-05 5.2885687182424589992e-05 5.3588297305395826697e-05 5.4263135098153725266e-05 5.4908508900552988052e-05 5.5522672482766211033e-05
2.286671224283054471e-05 2.3954589778441004455e-05 2.5038492822204716504e-05 2.611821764730848372e-05 2.7193535061087459326e-05 2.8264210413908585906e-05 2.9329992685234174132e-05 3.0390605388674885035e-05 3.1445764761883765459e-05 3.2495157938683405519e-05 3.3538450225023552775e-05 3.4575288736959919333e-05 3.5605287848738953471e-05 3.6628040106734260917e-05 3.7643105315510183573e-05 3.8650010537821799517e-05 3.9648246456636115909e-05 4.06372637371532619e-05 4.1616480302764102817e-05 4.2585259507177397609e-05 4.3542924686335027218e-05 4.4488740968517959118e-05 4.5421922550303861499e-05 4.6341625420609489083e-05 4.7246936446754261851e-05 4.8136884288396686316e-05 4.9010417569661512971e-05 4.9866408517118543386e-05 5.0703656597761437297e-05 5.1520873967092484236e-05 5.2316700021037831903e-05 5.3089672292117029428e-05 5.3838241001358255744e-05 5.4560776334255933762e-05 5.5255561164813116193e-05 5.5920809245435521007e-05 5.6554639741079881787e-05
2.3354106815531849861e-05 2.4450309865642338991e-05 2.5542796720401383936e-05 2.6631370928953401744e-05 2.771581966953817755e-05 2.8795915568480268121e-05 2.9871422157157212496e-05 3.0942075682105496526e-05 3.2007596018956974149e-05 3.3067695767385885119e-05 3.4122043871320784092e-05 3.5170301998732611537e-05 3.6212106351740658283e-05 3.7247049476718530059e-05 3.8274713006103411317e-05 3.929463491658680141e-05 4.0306320443050935864e-05 4.1309234802611172199e-05 4.2302799556637182832e-05 4.3286399886710569263e-05 4.4259366404730826616e-05 4.5220960601000115275e-05 4.6170422137947753072e-05 4.7106899728532880545e-05 4.8029476602096110582e-05 4.8937177780317142606e-05 4.982895188732072711e-05 5.0703656597761437297e-05 5.1560062274802476168e-05 5.2396855608094483614e-05 5.3212632337817922235e-05 5.4005882702767848969e-05 5.4774995078332722187e-05 5.5518274166388437152e-05 5.6233904615510255098e-05 5.691998376278206706e-05 5.7574532547732815146e-05
2.3822894945624284446e-05 2.4927225240389816463e-05 2.6028099455288611352e-05 2.7125332053401507437e-05 2.8218717488925904036e-05 2.930804839706979692e-05 3.0393090128200128675e-05 3.1473598937736824155e-05 3.2549305615248158574e-05 3.3619933674344792962e-05 3.4685177524806931615e-05 3.5744698834605515003e-05 3.6798155633732676506e-05 3.784515865845605731e-05 3.8885296817170456052e-05 3.9918129914440214634e-05 4.094317773706279695e-05 4.1959920054068788886e-05 4.2967792978743091226e-05 4.3966199882561340928e-05 4.4954471377423033118e-05 4.5931905333418399096e-05 4.6897726861061528325e-05 4.7851099225226789713e-05 4.8791123845148831606e-05 4.9716818466549739242e-05 5.0627117161639034748e-05 5.1520873967092484236e-05 5.2396855608094483614e-05 5.3253716032486408949e-05 5.4090014600660651922e-05 5.4904197895666584373e-05 5.5694592447252944112e-05 5.6459437473677098751e-05 5.7196826674044132233e-05 5.7904744608094915748e-05 5.8581088524078950286e-05
2.4272663722513243556e-05 2.5384908440173603594e-05 2.6493957193451933563e-05 2.7599629902397282422e-05 2.8701741030090488493e-05 2.9800088668707758188e-05 3.0894454539520666003e-05 3.1984611268853768706e-05 3.3070300560211762786e-05 3.4151256841141730547e-05 3.5227189073339104652e-05 3.6297791666584089398e-05 3.7362719012890011072e-05 3.8421607314376160502e-05 3.9474067307310178876e-05 4.0519666072214022279e-05 4.1557948861736804247e-05 4.258840635884553194e-05 4.3610503780655562878e-05 4.4623651774600148201e-05 4.5627206418430432677e-05 4.6620472858194261789e-05 4.7602694394299760461e-05 4.8573048843536525965e-05 4.9530644901096820831e-05 5.047450395068153739e-05 5.1403574616415426135e-05 5.2316700021037831903e-05 5.3212632337817922235e-05 5.4090014600660651922e-05 5.494736979017034173e-05 5.5783119023544713855e-05 5.6595530622871592641e-05 5.7382767408853396773e-05 5.8142839407082647085e-05 5.8873632951872423291e-05 5.9572907048277556896e-05
2.4703012968529947102e-05 2.5822939278441481292e-05 2.6939922463498078287e-05 2.8053800633642822504e-05 2.9164397346903569996e-05 3.027152524737175554e-05 3.1374980608234182e-05 3.2474541512783616781e-05 3.3569980587344616652e-05 3.4661035897443071008e-05 3.5747434594668447971e-05 3.6828889278694987297e-05 3.7905072531430050731e-05 3.8975642382865771651e-05 4.0040220483206212521e-05 4.1098403016803786159e-05 4.2149746150244027376e-05 4.3193769670324400067e-05 4.42299606220331043e-05 4.5257736928761005402e-05 4.6276483772089704871e-05 4.7285531763918697834e-05 4.8284138756571337581e-05 4.9271504394710063934e-05 5.0246744649484753609e-05 5.1208902732469141483e-05 5.2156923629809170961e-05 5.3089672292117029428e-05 5.4005882702767848969e-05 5.4904197895666584373e-05 5.5783119023544713855e-05 5.6641027185833081603e-05 5.7476161600789055228e-05 5.8286608691560104489e-05 5.9070302086183801293e-05 5.9825022617587819695e-05 6.0548387409653514624e-05
